timestamp,datetime,open,high,low,close,volume
1763330400000,2025-11-17 00:00:00,2.001,2.008,1.975,2.001,64884.9
1763331300000,2025-11-17 00:15:00,2.001,2.009,1.992,2.001,43062.8
1763332200000,2025-11-17 00:30:00,2.001,2.005,1.983,1.985,23621.3
1763333100000,2025-11-17 00:45:00,1.985,2.026,1.984,2.015,66153.2
1763334000000,2025-11-17 01:00:00,2.015,2.015,1.967,2.008,146542.5
1763334900000,2025-11-17 01:15:00,2.008,2.031,2.0,2.028,67079.4
1763335800000,2025-11-17 01:30:00,2.028,2.032,2.017,2.025,43752.5
1763336700000,2025-11-17 01:45:00,2.025,2.028,2.01,2.011,22631.2
1763337600000,2025-11-17 02:00:00,2.011,2.018,2.005,2.009,28415.1
1763338500000,2025-11-17 02:15:00,2.009,2.033,1.989,2.03,69456.4
1763339400000,2025-11-17 02:30:00,2.03,2.046,2.016,2.035,59298.7
1763340300000,2025-11-17 02:45:00,2.035,2.036,2.027,2.03,25166.7
1763341200000,2025-11-17 03:00:00,2.03,2.033,2.02,2.021,33189.1
1763342100000,2025-11-17 03:15:00,2.021,2.027,2.01,2.022,70929.4
1763343000000,2025-11-17 03:30:00,2.022,2.024,2.012,2.014,17677.7
1763343900000,2025-11-17 03:45:00,2.014,2.017,2.005,2.008,19001.2
1763344800000,2025-11-17 04:00:00,2.008,2.024,1.998,2.022,109130.5
1763345700000,2025-11-17 04:15:00,2.022,2.024,2.01,2.014,44812.5
1763346600000,2025-11-17 04:30:00,2.014,2.015,2.006,2.008,18764.8
1763347500000,2025-11-17 04:45:00,2.008,2.013,2.007,2.012,24235.2
1763348400000,2025-11-17 05:00:00,2.012,2.03,2.01,2.03,14619.7
1763349300000,2025-11-17 05:15:00,2.03,2.036,2.021,2.023,16779.2
1763350200000,2025-11-17 05:30:00,2.023,2.026,2.021,2.022,9611.2
1763351100000,2025-11-17 05:45:00,2.022,2.022,2.017,2.021,7560.5
1763352000000,2025-11-17 06:00:00,2.021,2.025,2.014,2.016,13552.5
1763352900000,2025-11-17 06:15:00,2.016,2.03,2.009,2.028,14177.7
1763353800000,2025-11-17 06:30:00,2.028,2.028,2.013,2.02,15852.3
1763354700000,2025-11-17 06:45:00,2.02,2.02,2.002,2.003,26426.8
1763355600000,2025-11-17 07:00:00,2.003,2.011,2.001,2.001,9825.9
1763356500000,2025-11-17 07:15:00,2.001,2.015,2.001,2.013,43214.7
1763357400000,2025-11-17 07:30:00,2.013,2.014,2.002,2.012,15142.3
1763358300000,2025-11-17 07:45:00,2.012,2.015,2.009,2.01,21990.7
1763359200000,2025-11-17 08:00:00,2.01,2.016,2.006,2.009,18264.4
1763360100000,2025-11-17 08:15:00,2.009,2.031,2.009,2.022,34219.6
1763361000000,2025-11-17 08:30:00,2.022,2.022,2.012,2.012,14890.8
1763361900000,2025-11-17 08:45:00,2.012,2.037,2.012,2.034,52628.2
1763362800000,2025-11-17 09:00:00,2.034,2.039,2.027,2.032,81480.4
1763363700000,2025-11-17 09:15:00,2.032,2.048,2.029,2.04,32548.4
1763364600000,2025-11-17 09:30:00,2.04,2.043,2.036,2.042,15427.5
1763365500000,2025-11-17 09:45:00,2.042,2.044,2.036,2.041,30760.8
1763366400000,2025-11-17 10:00:00,2.041,2.046,2.036,2.036,21519.9
1763367300000,2025-11-17 10:15:00,2.036,2.046,2.035,2.039,12638.6
1763368200000,2025-11-17 10:30:00,2.039,2.039,2.027,2.027,23353.7
1763369100000,2025-11-17 10:45:00,2.027,2.032,2.024,2.032,30356.5
1763370000000,2025-11-17 11:00:00,2.032,2.037,2.023,2.033,23161.7
1763370900000,2025-11-17 11:15:00,2.033,2.054,2.031,2.045,38574.0
1763371800000,2025-11-17 11:30:00,2.045,2.051,2.039,2.05,17822.3
1763372700000,2025-11-17 11:45:00,2.05,2.052,2.04,2.043,13755.8
1763373600000,2025-11-17 12:00:00,2.043,2.052,2.04,2.051,17011.7
1763374500000,2025-11-17 12:15:00,2.051,2.058,2.046,2.049,19934.8
1763375400000,2025-11-17 12:30:00,2.049,2.062,2.042,2.062,73212.1
1763376300000,2025-11-17 12:45:00,2.062,2.068,2.059,2.06,21061.2
1763377200000,2025-11-17 13:00:00,2.06,2.075,2.057,2.073,54277.7
1763378100000,2025-11-17 13:15:00,2.073,2.079,2.068,2.071,94585.8
1763379000000,2025-11-17 13:30:00,2.071,2.078,2.061,2.062,27370.8
1763379900000,2025-11-17 13:45:00,2.062,2.062,2.053,2.059,64034.4
1763380800000,2025-11-17 14:00:00,2.059,2.061,2.051,2.052,36773.2
1763381700000,2025-11-17 14:15:00,2.052,2.053,2.043,2.051,66624.9
1763382600000,2025-11-17 14:30:00,2.051,2.051,2.036,2.037,68238.5
1763383500000,2025-11-17 14:45:00,2.037,2.046,2.03,2.046,63020.5
1763384400000,2025-11-17 15:00:00,2.046,2.051,2.016,2.019,71934.2
1763385300000,2025-11-17 15:15:00,2.019,2.025,1.999,2.002,130650.6
1763386200000,2025-11-17 15:30:00,2.002,2.011,1.974,1.975,121728.0
1763387100000,2025-11-17 15:45:00,1.975,1.983,1.95,1.977,246452.1
1763388000000,2025-11-17 16:00:00,1.977,1.99,1.962,1.974,127233.9
1763388900000,2025-11-17 16:15:00,1.974,1.997,1.971,1.98,62172.1
1763389800000,2025-11-17 16:30:00,1.98,2.098,1.973,2.039,557271.7
1763390700000,2025-11-17 16:45:00,2.039,2.061,2.018,2.023,157620.1
1763391600000,2025-11-17 17:00:00,2.023,2.038,1.995,2.013,125260.5
1763392500000,2025-11-17 17:15:00,2.013,2.036,1.983,2.024,92322.1
1763393400000,2025-11-17 17:30:00,2.024,2.03,1.988,2.002,67717.1
1763394300000,2025-11-17 17:45:00,2.002,2.007,1.983,1.991,64436.8
1763395200000,2025-11-17 18:00:00,1.991,1.993,1.959,1.971,119311.9
1763396100000,2025-11-17 18:15:00,1.971,1.998,1.96,1.993,109692.7
1763397000000,2025-11-17 18:30:00,1.993,2.01,1.986,1.993,64210.4
1763397900000,2025-11-17 18:45:00,1.993,2.045,1.988,2.043,148984.9
1763398800000,2025-11-17 19:00:00,2.043,2.046,2.012,2.018,49049.1
1763399700000,2025-11-17 19:15:00,2.018,2.02,1.99,1.993,48897.1
1763400600000,2025-11-17 19:30:00,1.993,1.997,1.965,1.97,86007.3
1763401500000,2025-11-17 19:45:00,1.97,1.974,1.949,1.957,250791.0
1763402400000,2025-11-17 20:00:00,1.957,1.981,1.938,1.95,145114.7
1763403300000,2025-11-17 20:15:00,1.95,1.961,1.94,1.941,138179.3
1763404200000,2025-11-17 20:30:00,1.941,1.949,1.928,1.948,135370.8
1763405100000,2025-11-17 20:45:00,1.948,1.972,1.94,1.943,100713.2
1763406000000,2025-11-17 21:00:00,1.943,1.95,1.931,1.934,68627.4
1763406900000,2025-11-17 21:15:00,1.934,1.937,1.921,1.933,94530.8
1763407800000,2025-11-17 21:30:00,1.933,1.958,1.917,1.931,203774.3
1763408700000,2025-11-17 21:45:00,1.931,1.931,1.907,1.922,223278.9
1763409600000,2025-11-17 22:00:00,1.922,1.939,1.907,1.916,92187.4
1763410500000,2025-11-17 22:15:00,1.916,1.935,1.916,1.923,114305.0
1763411400000,2025-11-17 22:30:00,1.923,1.926,1.896,1.906,94266.7
1763412300000,2025-11-17 22:45:00,1.906,1.936,1.901,1.924,103639.5
1763413200000,2025-11-17 23:00:00,1.924,1.941,1.923,1.935,83393.9
1763414100000,2025-11-17 23:15:00,1.935,1.935,1.91,1.916,49664.9
1763415000000,2025-11-17 23:30:00,1.916,1.919,1.903,1.91,34401.0
1763415900000,2025-11-17 23:45:00,1.91,1.917,1.899,1.914,38380.5
1763416800000,2025-11-18 00:00:00,1.914,1.929,1.902,1.923,72384.7
1763417700000,2025-11-18 00:15:00,1.923,1.935,1.918,1.932,55428.4
1763418600000,2025-11-18 00:30:00,1.932,1.947,1.927,1.943,119033.9
1763419500000,2025-11-18 00:45:00,1.943,1.943,1.932,1.936,41644.9
1763420400000,2025-11-18 01:00:00,1.936,1.942,1.926,1.933,35653.1
1763421300000,2025-11-18 01:15:00,1.933,1.933,1.916,1.917,36724.0
1763422200000,2025-11-18 01:30:00,1.917,1.924,1.913,1.921,47579.4
1763423100000,2025-11-18 01:45:00,1.921,1.934,1.919,1.931,11714.1
1763424000000,2025-11-18 02:00:00,1.931,1.938,1.928,1.928,21263.2
1763424900000,2025-11-18 02:15:00,1.928,1.933,1.913,1.915,15027.5
1763425800000,2025-11-18 02:30:00,1.915,1.915,1.891,1.896,115932.4
1763426700000,2025-11-18 02:45:00,1.896,1.945,1.884,1.936,158518.9
1763427600000,2025-11-18 03:00:00,1.936,1.948,1.927,1.934,36774.3
1763428500000,2025-11-18 03:15:00,1.934,1.944,1.925,1.931,44173.6
1763429400000,2025-11-18 03:30:00,1.931,1.941,1.928,1.934,31000.9
1763430300000,2025-11-18 03:45:00,1.934,1.937,1.923,1.931,15490.5
1763431200000,2025-11-18 04:00:00,1.931,1.933,1.916,1.929,59711.8
1763432100000,2025-11-18 04:15:00,1.929,1.963,1.905,1.962,183184.3
1763433000000,2025-11-18 04:30:00,1.962,1.978,1.947,1.952,76233.3
1763433900000,2025-11-18 04:45:00,1.952,1.958,1.919,1.924,135595.1
1763434800000,2025-11-18 05:00:00,1.924,1.927,1.9,1.92,180976.3
1763435700000,2025-11-18 05:15:00,1.92,1.936,1.916,1.918,44591.5
1763436600000,2025-11-18 05:30:00,1.918,1.972,1.909,1.966,115352.8
1763437500000,2025-11-18 05:45:00,1.966,1.971,1.952,1.962,55205.7
1763438400000,2025-11-18 06:00:00,1.962,1.964,1.945,1.946,37839.4
1763439300000,2025-11-18 06:15:00,1.946,1.956,1.937,1.938,68965.8
1763440200000,2025-11-18 06:30:00,1.938,1.954,1.936,1.942,52167.2
1763441100000,2025-11-18 06:45:00,1.942,1.977,1.931,1.974,188813.0
1763442000000,2025-11-18 07:00:00,1.974,1.981,1.954,1.979,62954.3
1763442900000,2025-11-18 07:15:00,1.979,1.994,1.975,1.98,59742.7
1763443800000,2025-11-18 07:30:00,1.98,1.982,1.963,1.967,27669.0
1763444700000,2025-11-18 07:45:00,1.967,1.975,1.96,1.964,36348.9
1763445600000,2025-11-18 08:00:00,1.964,1.969,1.954,1.967,45037.1
1763446500000,2025-11-18 08:15:00,1.967,1.967,1.953,1.957,42398.7
1763447400000,2025-11-18 08:30:00,1.957,1.958,1.939,1.941,27872.2
1763448300000,2025-11-18 08:45:00,1.941,1.948,1.932,1.934,39882.8
1763449200000,2025-11-18 09:00:00,1.934,1.948,1.924,1.944,57301.6
1763450100000,2025-11-18 09:15:00,1.944,1.954,1.93,1.946,37783.2
1763451000000,2025-11-18 09:30:00,1.946,1.96,1.94,1.951,93504.6
1763451900000,2025-11-18 09:45:00,1.951,1.955,1.943,1.947,31781.9
1763452800000,2025-11-18 10:00:00,1.947,1.961,1.946,1.949,56169.4
1763453700000,2025-11-18 10:15:00,1.949,1.967,1.944,1.946,43347.4
1763454600000,2025-11-18 10:30:00,1.946,1.98,1.944,1.976,46986.7
1763455500000,2025-11-18 10:45:00,1.976,1.976,1.964,1.967,57723.6
1763456400000,2025-11-18 11:00:00,1.967,1.971,1.953,1.962,55763.1
1763457300000,2025-11-18 11:15:00,1.962,1.978,1.953,1.956,30151.8
1763458200000,2025-11-18 11:30:00,1.956,1.964,1.954,1.964,16607.3
1763459100000,2025-11-18 11:45:00,1.964,1.97,1.96,1.964,25065.9
1763460000000,2025-11-18 12:00:00,1.964,1.968,1.956,1.962,31550.1
1763460900000,2025-11-18 12:15:00,1.962,1.968,1.955,1.962,18303.9
1763461800000,2025-11-18 12:30:00,1.962,1.975,1.961,1.963,28678.1
1763462700000,2025-11-18 12:45:00,1.963,1.97,1.957,1.968,12815.6
1763463600000,2025-11-18 13:00:00,1.968,1.968,1.956,1.961,15720.7
1763464500000,2025-11-18 13:15:00,1.961,1.967,1.949,1.957,64358.0
1763465400000,2025-11-18 13:30:00,1.957,1.958,1.946,1.957,16932.2
1763466300000,2025-11-18 13:45:00,1.957,1.957,1.947,1.949,9431.9
1763467200000,2025-11-18 14:00:00,1.949,1.95,1.933,1.933,45808.8
1763468100000,2025-11-18 14:15:00,1.933,1.951,1.933,1.94,12786.5
1763469000000,2025-11-18 14:30:00,1.94,1.961,1.94,1.961,13230.2
1763469900000,2025-11-18 14:45:00,1.961,1.962,1.95,1.958,35220.3
1763470800000,2025-11-18 15:00:00,1.958,1.958,1.941,1.946,7620.4
1763471700000,2025-11-18 15:15:00,1.946,1.948,1.93,1.936,14956.3
1763472600000,2025-11-18 15:30:00,1.936,1.949,1.925,1.937,34333.3
1763473500000,2025-11-18 15:45:00,1.937,1.947,1.936,1.943,11259.1
1763474400000,2025-11-18 16:00:00,1.943,1.949,1.936,1.941,34096.0
1763475300000,2025-11-18 16:15:00,1.941,1.972,1.937,1.96,83686.9
1763476200000,2025-11-18 16:30:00,1.96,1.984,1.943,1.956,200761.7
1763477100000,2025-11-18 16:45:00,1.956,1.971,1.941,1.944,57210.6
1763478000000,2025-11-18 17:00:00,1.944,1.98,1.93,1.974,116369.3
1763478900000,2025-11-18 17:15:00,1.974,2.013,1.97,2.005,141814.1
1763479800000,2025-11-18 17:30:00,2.005,2.016,1.988,2.003,112783.2
1763480700000,2025-11-18 17:45:00,2.003,2.02,1.995,2.008,123626.3
1763481600000,2025-11-18 18:00:00,2.008,2.026,1.999,2.015,111377.6
1763482500000,2025-11-18 18:15:00,2.015,2.052,2.009,2.043,103282.9
1763483400000,2025-11-18 18:30:00,2.043,2.057,2.038,2.048,69653.3
1763484300000,2025-11-18 18:45:00,2.048,2.062,2.04,2.061,92557.8
1763485200000,2025-11-18 19:00:00,2.061,2.075,2.051,2.053,145583.0
1763486100000,2025-11-18 19:15:00,2.053,2.059,2.027,2.028,58692.4
1763487000000,2025-11-18 19:30:00,2.028,2.039,2.021,2.034,61958.4
1763487900000,2025-11-18 19:45:00,2.034,2.041,2.029,2.041,18586.4
1763488800000,2025-11-18 20:00:00,2.041,2.093,2.041,2.092,120300.2
1763489700000,2025-11-18 20:15:00,2.092,2.092,2.075,2.078,52807.1
1763490600000,2025-11-18 20:30:00,2.078,2.106,2.078,2.106,80129.7
1763491500000,2025-11-18 20:45:00,2.106,2.124,2.101,2.106,72129.0
1763492400000,2025-11-18 21:00:00,2.106,2.136,2.104,2.123,55399.8
1763493300000,2025-11-18 21:15:00,2.123,2.149,2.121,2.145,53736.2
1763494200000,2025-11-18 21:30:00,2.145,2.152,2.119,2.121,144060.0
1763495100000,2025-11-18 21:45:00,2.121,2.125,2.102,2.118,46767.0
1763496000000,2025-11-18 22:00:00,2.118,2.119,2.09,2.095,67412.6
1763496900000,2025-11-18 22:15:00,2.095,2.113,2.094,2.105,35215.9
1763497800000,2025-11-18 22:30:00,2.105,2.107,2.084,2.087,44516.3
1763498700000,2025-11-18 22:45:00,2.087,2.095,2.078,2.08,18305.5
1763499600000,2025-11-18 23:00:00,2.08,2.089,2.069,2.086,38935.6
1763500500000,2025-11-18 23:15:00,2.086,2.09,2.079,2.079,25637.5
1763501400000,2025-11-18 23:30:00,2.079,2.079,2.056,2.056,66098.0
1763502300000,2025-11-18 23:45:00,2.056,2.056,2.046,2.046,47943.5
1763503200000,2025-11-19 00:00:00,2.046,2.078,2.045,2.075,54037.2
1763504100000,2025-11-19 00:15:00,2.075,2.09,2.07,2.088,24877.5
1763505000000,2025-11-19 00:30:00,2.088,2.091,2.078,2.081,26707.5
1763505900000,2025-11-19 00:45:00,2.081,2.085,2.075,2.084,16875.4
1763506800000,2025-11-19 01:00:00,2.084,2.085,2.062,2.064,37631.7
1763507700000,2025-11-19 01:15:00,2.064,2.067,2.061,2.063,17983.0
1763508600000,2025-11-19 01:30:00,2.063,2.067,2.061,2.066,19355.1
1763509500000,2025-11-19 01:45:00,2.066,2.067,2.057,2.062,6383.5
1763510400000,2025-11-19 02:00:00,2.062,2.085,2.061,2.066,215109.7
1763511300000,2025-11-19 02:15:00,2.066,2.07,2.042,2.057,61192.0
1763512200000,2025-11-19 02:30:00,2.057,2.075,2.051,2.072,14370.9
1763513100000,2025-11-19 02:45:00,2.072,2.089,2.067,2.08,37001.5
1763514000000,2025-11-19 03:00:00,2.08,2.084,2.064,2.066,57445.4
1763514900000,2025-11-19 03:15:00,2.066,2.094,2.062,2.094,67604.7
1763515800000,2025-11-19 03:30:00,2.094,2.094,2.073,2.079,47544.8
1763516700000,2025-11-19 03:45:00,2.079,2.079,2.06,2.07,19994.2
1763517600000,2025-11-19 04:00:00,2.07,2.088,2.065,2.087,21249.7
1763518500000,2025-11-19 04:15:00,2.087,2.09,2.064,2.069,21867.8
1763519400000,2025-11-19 04:30:00,2.069,2.08,2.064,2.065,9062.6
1763520300000,2025-11-19 04:45:00,2.065,2.079,2.064,2.069,16798.8
1763521200000,2025-11-19 05:00:00,2.069,2.077,2.061,2.062,28092.0
1763522100000,2025-11-19 05:15:00,2.062,2.062,2.048,2.052,20627.4
1763523000000,2025-11-19 05:30:00,2.052,2.053,2.029,2.034,62678.6
1763523900000,2025-11-19 05:45:00,2.034,2.037,2.024,2.034,74110.6
1763524800000,2025-11-19 06:00:00,2.034,2.042,2.027,2.031,71598.7
1763525700000,2025-11-19 06:15:00,2.031,2.041,2.031,2.037,30551.9
1763526600000,2025-11-19 06:30:00,2.037,2.039,2.028,2.029,32357.9
1763527500000,2025-11-19 06:45:00,2.029,2.04,2.028,2.031,11341.1
1763528400000,2025-11-19 07:00:00,2.031,2.035,2.012,2.014,56714.4
1763529300000,2025-11-19 07:15:00,2.014,2.02,1.999,2.002,70404.3
1763530200000,2025-11-19 07:30:00,2.002,2.004,1.982,1.982,61233.7
1763531100000,2025-11-19 07:45:00,1.982,1.998,1.979,1.987,121921.5
1763532000000,2025-11-19 08:00:00,1.987,1.994,1.977,1.984,77289.2
1763532900000,2025-11-19 08:15:00,1.984,1.991,1.977,1.99,30718.5
1763533800000,2025-11-19 08:30:00,1.99,2.002,1.988,2.0,43935.0
1763534700000,2025-11-19 08:45:00,2.0,2.009,1.994,2.007,18265.7
1763535600000,2025-11-19 09:00:00,2.007,2.019,2.004,2.01,28796.8
1763536500000,2025-11-19 09:15:00,2.01,2.023,2.003,2.02,54300.3
1763537400000,2025-11-19 09:30:00,2.02,2.038,2.013,2.034,39389.6
1763538300000,2025-11-19 09:45:00,2.034,2.044,2.032,2.041,50024.3
1763539200000,2025-11-19 10:00:00,2.041,2.042,2.034,2.038,18369.3
1763540100000,2025-11-19 10:15:00,2.038,2.06,2.032,2.06,44377.1
1763541000000,2025-11-19 10:30:00,2.06,2.063,2.039,2.041,64989.8
1763541900000,2025-11-19 10:45:00,2.041,2.045,2.031,2.044,20032.6
1763542800000,2025-11-19 11:00:00,2.044,2.044,2.022,2.039,62637.3
1763543700000,2025-11-19 11:15:00,2.039,2.043,2.029,2.035,44654.5
1763544600000,2025-11-19 11:30:00,2.035,2.051,2.035,2.049,21063.6
1763545500000,2025-11-19 11:45:00,2.049,2.049,2.034,2.048,19941.9
1763546400000,2025-11-19 12:00:00,2.048,2.063,2.042,2.053,21786.5
1763547300000,2025-11-19 12:15:00,2.053,2.056,2.039,2.045,16655.6
1763548200000,2025-11-19 12:30:00,2.045,2.046,2.038,2.043,21346.8
1763549100000,2025-11-19 12:45:00,2.043,2.044,2.033,2.043,6342.8
1763550000000,2025-11-19 13:00:00,2.043,2.049,2.037,2.048,7796.0
1763550900000,2025-11-19 13:15:00,2.048,2.052,2.037,2.037,21425.7
1763551800000,2025-11-19 13:30:00,2.037,2.043,2.035,2.04,8312.3
1763552700000,2025-11-19 13:45:00,2.04,2.046,2.036,2.04,32897.6
1763553600000,2025-11-19 14:00:00,2.04,2.053,2.036,2.044,24118.6
1763554500000,2025-11-19 14:15:00,2.044,2.048,2.038,2.046,11103.3
1763555400000,2025-11-19 14:30:00,2.046,2.051,2.038,2.041,14975.4
1763556300000,2025-11-19 14:45:00,2.041,2.05,2.039,2.045,11334.5
1763557200000,2025-11-19 15:00:00,2.045,2.047,2.03,2.036,25962.6
1763558100000,2025-11-19 15:15:00,2.036,2.043,2.025,2.033,22513.9
1763559000000,2025-11-19 15:30:00,2.033,2.039,2.023,2.027,27710.2
1763559900000,2025-11-19 15:45:00,2.027,2.029,2.012,2.015,55076.7
1763560800000,2025-11-19 16:00:00,2.015,2.018,1.995,2.015,76861.4
1763561700000,2025-11-19 16:15:00,2.015,2.017,1.986,1.99,64416.0
1763562600000,2025-11-19 16:30:00,1.99,2.03,1.99,2.026,90042.8
1763563500000,2025-11-19 16:45:00,2.026,2.03,2.011,2.024,44025.3
1763564400000,2025-11-19 17:00:00,2.024,2.06,2.023,2.039,72392.8
1763565300000,2025-11-19 17:15:00,2.039,2.047,1.999,2.004,107231.8
1763566200000,2025-11-19 17:30:00,2.004,2.005,1.983,1.995,148211.6
1763567100000,2025-11-19 17:45:00,1.995,1.996,1.969,1.973,134211.3
1763568000000,2025-11-19 18:00:00,1.973,1.994,1.969,1.981,144025.3
1763568900000,2025-11-19 18:15:00,1.981,1.985,1.952,1.958,107072.0
1763569800000,2025-11-19 18:30:00,1.958,1.963,1.943,1.951,94409.0
1763570700000,2025-11-19 18:45:00,1.951,1.956,1.934,1.944,96900.8
1763571600000,2025-11-19 19:00:00,1.944,1.957,1.923,1.926,86705.2
1763572500000,2025-11-19 19:15:00,1.926,1.938,1.915,1.934,42655.7
1763573400000,2025-11-19 19:30:00,1.934,1.94,1.9,1.929,145255.6
1763574300000,2025-11-19 19:45:00,1.929,1.942,1.922,1.94,108049.6
1763575200000,2025-11-19 20:00:00,1.94,1.946,1.926,1.94,70584.8
1763576100000,2025-11-19 20:15:00,1.94,1.94,1.889,1.897,196698.2
1763577000000,2025-11-19 20:30:00,1.897,1.918,1.896,1.899,98238.0
1763577900000,2025-11-19 20:45:00,1.899,1.909,1.892,1.909,43642.9
1763578800000,2025-11-19 21:00:00,1.909,1.921,1.903,1.91,74622.0
1763579700000,2025-11-19 21:15:00,1.91,1.911,1.893,1.898,39287.5
1763580600000,2025-11-19 21:30:00,1.898,1.902,1.89,1.899,38398.7
1763581500000,2025-11-19 21:45:00,1.899,1.916,1.896,1.908,44042.7
1763582400000,2025-11-19 22:00:00,1.908,1.917,1.902,1.913,36855.9
1763583300000,2025-11-19 22:15:00,1.913,1.931,1.908,1.931,38842.1
1763584200000,2025-11-19 22:30:00,1.931,1.946,1.918,1.933,64266.0
1763585100000,2025-11-19 22:45:00,1.933,1.961,1.929,1.96,100625.5
1763586000000,2025-11-19 23:00:00,1.96,1.977,1.952,1.965,66395.7
1763586900000,2025-11-19 23:15:00,1.965,2.036,1.964,2.0,391488.7
1763587800000,2025-11-19 23:30:00,2.0,2.019,1.999,2.016,49721.6
1763588700000,2025-11-19 23:45:00,2.016,2.035,2.014,2.028,47961.9
1763589600000,2025-11-20 00:00:00,2.028,2.03,1.995,1.997,106510.8
1763590500000,2025-11-20 00:15:00,1.997,2.007,1.984,2.007,48813.2
1763591400000,2025-11-20 00:30:00,2.007,2.007,1.995,2.0,31163.8
1763592300000,2025-11-20 00:45:00,2.0,2.007,1.998,2.005,38422.3
1763593200000,2025-11-20 01:00:00,2.005,2.049,2.005,2.049,153686.2
1763594100000,2025-11-20 01:15:00,2.049,2.053,2.031,2.037,64728.1
1763595000000,2025-11-20 01:30:00,2.037,2.039,2.028,2.029,44095.0
1763595900000,2025-11-20 01:45:00,2.029,2.037,2.026,2.035,43488.3
1763596800000,2025-11-20 02:00:00,2.035,2.04,2.025,2.033,42042.7
1763597700000,2025-11-20 02:15:00,2.033,2.037,2.028,2.035,131978.0
1763598600000,2025-11-20 02:30:00,2.035,2.041,2.026,2.035,50458.3
1763599500000,2025-11-20 02:45:00,2.035,2.035,2.018,2.022,76884.7
1763600400000,2025-11-20 03:00:00,2.022,2.042,2.022,2.034,90370.8
1763601300000,2025-11-20 03:15:00,2.034,2.04,2.03,2.035,33990.4
1763602200000,2025-11-20 03:30:00,2.035,2.045,2.035,2.043,29068.0
1763603100000,2025-11-20 03:45:00,2.043,2.052,2.039,2.047,39446.5
1763604000000,2025-11-20 04:00:00,2.047,2.072,2.044,2.057,186420.3
1763604900000,2025-11-20 04:15:00,2.057,2.058,2.045,2.052,25739.2
1763605800000,2025-11-20 04:30:00,2.052,2.058,2.048,2.051,24979.4
1763606700000,2025-11-20 04:45:00,2.051,2.062,2.05,2.06,34228.9
1763607600000,2025-11-20 05:00:00,2.06,2.063,2.053,2.056,18957.3
1763608500000,2025-11-20 05:15:00,2.056,2.057,2.04,2.042,26685.3
1763609400000,2025-11-20 05:30:00,2.042,2.047,2.039,2.04,20638.0
1763610300000,2025-11-20 05:45:00,2.04,2.044,2.035,2.044,31506.0
1763611200000,2025-11-20 06:00:00,2.044,2.048,2.037,2.046,37780.6
1763612100000,2025-11-20 06:15:00,2.046,2.046,2.037,2.038,30502.5
1763613000000,2025-11-20 06:30:00,2.038,2.042,2.032,2.036,25437.9
1763613900000,2025-11-20 06:45:00,2.036,2.059,2.035,2.059,52033.9
1763614800000,2025-11-20 07:00:00,2.059,2.076,2.051,2.066,111135.4
1763615700000,2025-11-20 07:15:00,2.066,2.073,2.062,2.066,38193.7
1763616600000,2025-11-20 07:30:00,2.066,2.069,2.059,2.065,28528.5
1763617500000,2025-11-20 07:45:00,2.065,2.072,2.06,2.062,44081.4
1763618400000,2025-11-20 08:00:00,2.062,2.071,2.061,2.061,18340.7
1763619300000,2025-11-20 08:15:00,2.061,2.063,2.057,2.06,8749.4
1763620200000,2025-11-20 08:30:00,2.06,2.064,2.05,2.05,83535.2
1763621100000,2025-11-20 08:45:00,2.05,2.053,2.038,2.045,60606.3
1763622000000,2025-11-20 09:00:00,2.045,2.057,2.044,2.055,32874.5
1763622900000,2025-11-20 09:15:00,2.055,2.058,2.05,2.056,16484.7
1763623800000,2025-11-20 09:30:00,2.056,2.061,2.054,2.056,8907.6
1763624700000,2025-11-20 09:45:00,2.056,2.066,2.056,2.063,27201.7
1763625600000,2025-11-20 10:00:00,2.063,2.063,2.047,2.047,32809.1
1763626500000,2025-11-20 10:15:00,2.047,2.056,2.046,2.052,15527.5
1763627400000,2025-11-20 10:30:00,2.052,2.053,2.05,2.051,8514.9
1763628300000,2025-11-20 10:45:00,2.051,2.054,2.046,2.048,18696.1
1763629200000,2025-11-20 11:00:00,2.048,2.052,2.045,2.048,23778.4
1763630100000,2025-11-20 11:15:00,2.048,2.05,2.043,2.048,28436.8
1763631000000,2025-11-20 11:30:00,2.048,2.061,2.048,2.055,28572.3
1763631900000,2025-11-20 11:45:00,2.055,2.056,2.041,2.051,54155.9
1763632800000,2025-11-20 12:00:00,2.051,2.058,2.039,2.044,83046.5
1763633700000,2025-11-20 12:15:00,2.044,2.057,2.042,2.055,18155.9
1763634600000,2025-11-20 12:30:00,2.055,2.057,2.042,2.044,35907.2
1763635500000,2025-11-20 12:45:00,2.044,2.053,2.044,2.052,15885.2
1763636400000,2025-11-20 13:00:00,2.052,2.063,2.051,2.06,22342.8
1763637300000,2025-11-20 13:15:00,2.06,2.063,2.049,2.053,26891.7
1763638200000,2025-11-20 13:30:00,2.053,2.063,2.052,2.06,16658.9
1763639100000,2025-11-20 13:45:00,2.06,2.071,2.058,2.069,23990.1
1763640000000,2025-11-20 14:00:00,2.069,2.072,2.061,2.061,27441.7
1763640900000,2025-11-20 14:15:00,2.061,2.084,2.06,2.081,42069.6
1763641800000,2025-11-20 14:30:00,2.081,2.094,2.081,2.084,34387.0
1763642700000,2025-11-20 14:45:00,2.084,2.109,2.083,2.108,38490.6
1763643600000,2025-11-20 15:00:00,2.108,2.111,2.091,2.103,64122.2
1763644500000,2025-11-20 15:15:00,2.103,2.103,2.071,2.08,84437.3
1763645400000,2025-11-20 15:30:00,2.08,2.105,2.064,2.065,193443.3
1763646300000,2025-11-20 15:45:00,2.065,2.077,2.05,2.052,119554.0
1763647200000,2025-11-20 16:00:00,2.052,2.059,2.028,2.034,171326.9
1763648100000,2025-11-20 16:15:00,2.034,2.069,2.03,2.064,107105.4
1763649000000,2025-11-20 16:30:00,2.064,2.074,2.044,2.053,126558.5
1763649900000,2025-11-20 16:45:00,2.053,2.06,2.039,2.054,56926.5
1763650800000,2025-11-20 17:00:00,2.054,2.055,2.012,2.021,145466.4
1763651700000,2025-11-20 17:15:00,2.021,2.038,2.013,2.028,63126.5
1763652600000,2025-11-20 17:30:00,2.028,2.032,2.014,2.022,71820.3
1763653500000,2025-11-20 17:45:00,2.022,2.023,1.989,1.995,114565.2
1763654400000,2025-11-20 18:00:00,1.995,2.002,1.932,1.94,564115.5
1763655300000,2025-11-20 18:15:00,1.94,1.975,1.916,1.947,498495.5
1763656200000,2025-11-20 18:30:00,1.947,1.954,1.92,1.92,199544.3
1763657100000,2025-11-20 18:45:00,1.92,1.931,1.912,1.925,189378.5
1763658000000,2025-11-20 19:00:00,1.925,1.935,1.898,1.909,236530.1
1763658900000,2025-11-20 19:15:00,1.909,1.915,1.892,1.906,187307.0
1763659800000,2025-11-20 19:30:00,1.906,1.922,1.899,1.904,118206.1
1763660700000,2025-11-20 19:45:00,1.904,1.909,1.892,1.906,100095.2
1763661600000,2025-11-20 20:00:00,1.906,1.925,1.893,1.922,104372.3
1763662500000,2025-11-20 20:15:00,1.922,1.923,1.896,1.9,67784.4
1763663400000,2025-11-20 20:30:00,1.9,1.906,1.89,1.895,55786.5
1763664300000,2025-11-20 20:45:00,1.895,1.898,1.887,1.892,59953.2
1763665200000,2025-11-20 21:00:00,1.892,1.898,1.869,1.89,167514.6
1763666100000,2025-11-20 21:15:00,1.89,1.919,1.886,1.917,63228.8
1763667000000,2025-11-20 21:30:00,1.917,1.917,1.899,1.911,30681.8
1763667900000,2025-11-20 21:45:00,1.911,1.929,1.908,1.924,46131.2
1763668800000,2025-11-20 22:00:00,1.924,1.924,1.889,1.893,45772.7
1763669700000,2025-11-20 22:15:00,1.893,1.915,1.89,1.915,29186.4
1763670600000,2025-11-20 22:30:00,1.915,1.92,1.902,1.909,71200.3
1763671500000,2025-11-20 22:45:00,1.909,1.914,1.903,1.906,29578.6
1763672400000,2025-11-20 23:00:00,1.906,1.921,1.906,1.916,32407.9
1763673300000,2025-11-20 23:15:00,1.916,1.948,1.914,1.929,69971.1
1763674200000,2025-11-20 23:30:00,1.929,1.945,1.927,1.944,56481.2
1763675100000,2025-11-20 23:45:00,1.944,1.948,1.927,1.931,31962.7
1763676000000,2025-11-21 00:00:00,1.931,1.957,1.928,1.955,61895.1
1763676900000,2025-11-21 00:15:00,1.955,1.97,1.953,1.968,56316.6
1763677800000,2025-11-21 00:30:00,1.968,1.971,1.952,1.958,32070.1
1763678700000,2025-11-21 00:45:00,1.958,1.964,1.954,1.956,21399.7
1763679600000,2025-11-21 01:00:00,1.956,1.957,1.927,1.934,78462.1
1763680500000,2025-11-21 01:15:00,1.934,1.937,1.924,1.926,29378.1
1763681400000,2025-11-21 01:30:00,1.926,1.929,1.905,1.914,105680.0
1763682300000,2025-11-21 01:45:00,1.914,1.915,1.899,1.903,53396.2
1763683200000,2025-11-21 02:00:00,1.903,1.911,1.892,1.911,175720.0
1763684100000,2025-11-21 02:15:00,1.911,1.917,1.9,1.907,62645.9
1763685000000,2025-11-21 02:30:00,1.907,1.916,1.896,1.904,36334.8
1763685900000,2025-11-21 02:45:00,1.904,1.914,1.904,1.907,22963.0
1763686800000,2025-11-21 03:00:00,1.907,1.92,1.905,1.913,59867.7
1763687700000,2025-11-21 03:15:00,1.913,1.929,1.898,1.922,62927.3
1763688600000,2025-11-21 03:30:00,1.922,1.922,1.904,1.913,33558.0
1763689500000,2025-11-21 03:45:00,1.913,1.916,1.904,1.908,36804.8
1763690400000,2025-11-21 04:00:00,1.908,1.911,1.888,1.889,108077.2
1763691300000,2025-11-21 04:15:00,1.889,1.913,1.883,1.901,78660.7
1763692200000,2025-11-21 04:30:00,1.901,1.903,1.883,1.885,113971.1
1763693100000,2025-11-21 04:45:00,1.885,1.899,1.862,1.868,140900.1
1763694000000,2025-11-21 05:00:00,1.868,1.907,1.868,1.889,105888.4
1763694900000,2025-11-21 05:15:00,1.889,1.893,1.876,1.891,39946.7
1763695800000,2025-11-21 05:30:00,1.891,1.909,1.884,1.907,45412.9
1763696700000,2025-11-21 05:45:00,1.907,1.91,1.893,1.893,42884.1
1763697600000,2025-11-21 06:00:00,1.893,1.897,1.884,1.89,29906.2
1763698500000,2025-11-21 06:15:00,1.89,1.89,1.874,1.88,27763.7
1763699400000,2025-11-21 06:30:00,1.88,1.886,1.854,1.882,119969.6
1763700300000,2025-11-21 06:45:00,1.882,1.895,1.872,1.89,52509.8
1763701200000,2025-11-21 07:00:00,1.89,1.898,1.882,1.889,38340.9
1763702100000,2025-11-21 07:15:00,1.889,1.892,1.881,1.882,25512.8
1763703000000,2025-11-21 07:30:00,1.882,1.887,1.869,1.872,26526.6
1763703900000,2025-11-21 07:45:00,1.872,1.878,1.867,1.872,14582.0
1763704800000,2025-11-21 08:00:00,1.872,1.878,1.86,1.875,37122.4
1763705700000,2025-11-21 08:15:00,1.875,1.875,1.859,1.862,32182.4
1763706600000,2025-11-21 08:30:00,1.862,1.875,1.859,1.872,44713.4
1763707500000,2025-11-21 08:45:00,1.872,1.882,1.869,1.871,29346.3
1763708400000,2025-11-21 09:00:00,1.871,1.876,1.859,1.864,54371.7
1763709300000,2025-11-21 09:15:00,1.864,1.864,1.847,1.849,77807.2
1763710200000,2025-11-21 09:30:00,1.849,1.851,1.679,1.795,1865958.4
1763711100000,2025-11-21 09:45:00,1.795,1.797,1.757,1.769,237924.9
1763712000000,2025-11-21 10:00:00,1.769,1.808,1.76,1.795,270834.3
1763712900000,2025-11-21 10:15:00,1.795,1.802,1.778,1.779,154775.3
1763713800000,2025-11-21 10:30:00,1.779,1.788,1.77,1.771,88948.5
1763714700000,2025-11-21 10:45:00,1.771,1.781,1.767,1.775,69372.4
1763715600000,2025-11-21 11:00:00,1.775,1.791,1.775,1.779,61113.2
1763716500000,2025-11-21 11:15:00,1.779,1.78,1.754,1.755,44333.8
1763717400000,2025-11-21 11:30:00,1.755,1.757,1.738,1.742,147366.6
1763718300000,2025-11-21 11:45:00,1.742,1.747,1.731,1.731,84706.6
1763719200000,2025-11-21 12:00:00,1.731,1.755,1.717,1.739,128373.2
1763720100000,2025-11-21 12:15:00,1.739,1.751,1.731,1.734,74300.6
1763721000000,2025-11-21 12:30:00,1.734,1.753,1.734,1.742,106483.1
1763721900000,2025-11-21 12:45:00,1.742,1.743,1.729,1.73,28119.6
1763722800000,2025-11-21 13:00:00,1.73,1.751,1.724,1.744,87829.0
1763723700000,2025-11-21 13:15:00,1.744,1.745,1.72,1.721,66631.7
1763724600000,2025-11-21 13:30:00,1.721,1.725,1.702,1.704,95616.7
1763725500000,2025-11-21 13:45:00,1.704,1.706,1.691,1.692,97715.8
1763726400000,2025-11-21 14:00:00,1.692,1.702,1.684,1.696,75883.9
1763727300000,2025-11-21 14:15:00,1.696,1.696,1.644,1.649,522750.4
1763728200000,2025-11-21 14:30:00,1.649,1.734,1.649,1.727,785690.2
1763729100000,2025-11-21 14:45:00,1.727,1.742,1.713,1.719,242691.2
1763730000000,2025-11-21 15:00:00,1.719,1.73,1.708,1.72,163796.9
1763730900000,2025-11-21 15:15:00,1.72,1.736,1.703,1.706,123195.6
1763731800000,2025-11-21 15:30:00,1.706,1.725,1.705,1.724,72463.4
1763732700000,2025-11-21 15:45:00,1.724,1.73,1.716,1.716,117013.5
1763733600000,2025-11-21 16:00:00,1.716,1.718,1.706,1.707,138312.1
1763734500000,2025-11-21 16:15:00,1.707,1.707,1.697,1.703,113439.7
1763735400000,2025-11-21 16:30:00,1.703,1.76,1.702,1.741,547674.5
1763736300000,2025-11-21 16:45:00,1.741,1.759,1.727,1.744,259437.9
1763737200000,2025-11-21 17:00:00,1.744,1.75,1.716,1.721,170028.4
1763738100000,2025-11-21 17:15:00,1.721,1.727,1.703,1.71,130420.5
1763739000000,2025-11-21 17:30:00,1.71,1.716,1.687,1.702,176104.3
1763739900000,2025-11-21 17:45:00,1.702,1.71,1.691,1.706,197972.9
1763740800000,2025-11-21 18:00:00,1.706,1.714,1.686,1.698,244582.1
1763741700000,2025-11-21 18:15:00,1.698,1.712,1.681,1.71,145987.0
1763742600000,2025-11-21 18:30:00,1.71,1.727,1.699,1.703,143641.6
1763743500000,2025-11-21 18:45:00,1.703,1.752,1.696,1.75,186834.0
1763744400000,2025-11-21 19:00:00,1.75,1.764,1.737,1.753,152414.3
1763745300000,2025-11-21 19:15:00,1.753,1.76,1.736,1.743,86534.5
1763746200000,2025-11-21 19:30:00,1.743,1.754,1.739,1.746,61406.6
1763747100000,2025-11-21 19:45:00,1.746,1.751,1.725,1.729,72692.2
1763748000000,2025-11-21 20:00:00,1.729,1.731,1.691,1.695,181067.3
1763748900000,2025-11-21 20:15:00,1.695,1.708,1.685,1.708,125522.4
1763749800000,2025-11-21 20:30:00,1.708,1.726,1.704,1.721,86329.1
1763750700000,2025-11-21 20:45:00,1.721,1.74,1.714,1.73,232317.4
1763751600000,2025-11-21 21:00:00,1.73,1.735,1.71,1.712,107938.9
1763752500000,2025-11-21 21:15:00,1.712,1.73,1.71,1.722,74454.5
1763753400000,2025-11-21 21:30:00,1.722,1.725,1.7,1.703,76631.1
1763754300000,2025-11-21 21:45:00,1.703,1.704,1.688,1.695,208170.4
1763755200000,2025-11-21 22:00:00,1.695,1.697,1.674,1.687,118310.4
1763756100000,2025-11-21 22:15:00,1.687,1.687,1.653,1.655,125137.4
1763757000000,2025-11-21 22:30:00,1.655,1.679,1.654,1.677,195418.6
1763757900000,2025-11-21 22:45:00,1.677,1.684,1.664,1.673,151496.8
1763758800000,2025-11-21 23:00:00,1.673,1.678,1.655,1.665,89010.3
1763759700000,2025-11-21 23:15:00,1.665,1.694,1.657,1.688,73821.3
1763760600000,2025-11-21 23:30:00,1.688,1.698,1.68,1.696,70425.7
1763761500000,2025-11-21 23:45:00,1.696,1.705,1.689,1.692,56376.8
1763762400000,2025-11-22 00:00:00,1.692,1.703,1.689,1.693,61580.3
1763763300000,2025-11-22 00:15:00,1.693,1.697,1.67,1.676,42375.0
1763764200000,2025-11-22 00:30:00,1.676,1.678,1.66,1.667,71912.6
1763765100000,2025-11-22 00:45:00,1.667,1.675,1.64,1.642,205289.9
1763766000000,2025-11-22 01:00:00,1.642,1.652,1.627,1.651,137188.7
1763766900000,2025-11-22 01:15:00,1.651,1.685,1.651,1.685,94363.4
1763767800000,2025-11-22 01:30:00,1.685,1.69,1.68,1.69,68887.6
1763768700000,2025-11-22 01:45:00,1.69,1.697,1.685,1.69,55969.6
1763769600000,2025-11-22 02:00:00,1.69,1.704,1.689,1.702,97267.0
1763770500000,2025-11-22 02:15:00,1.702,1.702,1.675,1.678,67679.4
1763771400000,2025-11-22 02:30:00,1.678,1.694,1.678,1.693,50127.7
1763772300000,2025-11-22 02:45:00,1.693,1.699,1.687,1.696,47721.7
1763773200000,2025-11-22 03:00:00,1.696,1.712,1.694,1.71,41418.9
1763774100000,2025-11-22 03:15:00,1.71,1.714,1.701,1.709,30186.1
1763775000000,2025-11-22 03:30:00,1.709,1.717,1.702,1.703,28038.1
1763775900000,2025-11-22 03:45:00,1.703,1.722,1.703,1.716,29075.6
1763776800000,2025-11-22 04:00:00,1.716,1.721,1.703,1.705,57029.9
1763777700000,2025-11-22 04:15:00,1.705,1.711,1.7,1.704,30232.7
1763778600000,2025-11-22 04:30:00,1.704,1.704,1.692,1.693,17828.1
1763779500000,2025-11-22 04:45:00,1.693,1.699,1.689,1.699,19058.7
1763780400000,2025-11-22 05:00:00,1.699,1.709,1.692,1.706,38568.1
1763781300000,2025-11-22 05:15:00,1.706,1.709,1.696,1.697,30377.8
1763782200000,2025-11-22 05:30:00,1.697,1.7,1.687,1.697,25786.9
1763783100000,2025-11-22 05:45:00,1.697,1.697,1.69,1.694,11370.5
1763784000000,2025-11-22 06:00:00,1.694,1.696,1.662,1.666,71172.8
1763784900000,2025-11-22 06:15:00,1.666,1.67,1.657,1.663,59293.2
1763785800000,2025-11-22 06:30:00,1.663,1.666,1.644,1.649,39856.1
1763786700000,2025-11-22 06:45:00,1.649,1.684,1.648,1.679,66175.5
1763787600000,2025-11-22 07:00:00,1.679,1.679,1.664,1.664,34245.0
1763788500000,2025-11-22 07:15:00,1.664,1.664,1.646,1.661,35575.2
1763789400000,2025-11-22 07:30:00,1.661,1.661,1.641,1.646,45520.7
1763790300000,2025-11-22 07:45:00,1.646,1.659,1.642,1.653,30206.9
1763791200000,2025-11-22 08:00:00,1.653,1.656,1.638,1.654,37863.1
1763792100000,2025-11-22 08:15:00,1.654,1.673,1.65,1.667,41992.7
1763793000000,2025-11-22 08:30:00,1.667,1.682,1.666,1.669,36124.7
1763793900000,2025-11-22 08:45:00,1.669,1.673,1.665,1.669,15470.9
1763794800000,2025-11-22 09:00:00,1.669,1.672,1.664,1.664,20956.1
1763795700000,2025-11-22 09:15:00,1.664,1.676,1.659,1.667,18537.0
1763796600000,2025-11-22 09:30:00,1.667,1.679,1.665,1.674,19287.5
1763797500000,2025-11-22 09:45:00,1.674,1.677,1.671,1.675,23830.2
1763798400000,2025-11-22 10:00:00,1.675,1.68,1.67,1.676,23217.0
1763799300000,2025-11-22 10:15:00,1.676,1.676,1.657,1.658,27662.0
1763800200000,2025-11-22 10:30:00,1.658,1.658,1.644,1.654,143237.2
1763801100000,2025-11-22 10:45:00,1.654,1.659,1.648,1.65,68050.4
1763802000000,2025-11-22 11:00:00,1.65,1.672,1.65,1.67,44877.3
1763802900000,2025-11-22 11:15:00,1.67,1.672,1.653,1.656,22242.6
1763803800000,2025-11-22 11:30:00,1.656,1.688,1.654,1.681,103931.9
1763804700000,2025-11-22 11:45:00,1.681,1.692,1.678,1.682,54995.9
1763805600000,2025-11-22 12:00:00,1.682,1.688,1.676,1.682,37162.4
1763806500000,2025-11-22 12:15:00,1.682,1.683,1.658,1.661,63017.1
1763807400000,2025-11-22 12:30:00,1.661,1.669,1.66,1.664,28386.4
1763808300000,2025-11-22 12:45:00,1.664,1.669,1.658,1.669,17201.6
1763809200000,2025-11-22 13:00:00,1.669,1.683,1.663,1.683,39439.5
1763810100000,2025-11-22 13:15:00,1.683,1.694,1.675,1.69,52482.2
1763811000000,2025-11-22 13:30:00,1.69,1.69,1.678,1.682,19301.4
1763811900000,2025-11-22 13:45:00,1.682,1.686,1.68,1.682,11917.0
1763812800000,2025-11-22 14:00:00,1.682,1.682,1.662,1.665,20016.3
1763813700000,2025-11-22 14:15:00,1.665,1.668,1.658,1.66,19484.9
1763814600000,2025-11-22 14:30:00,1.66,1.669,1.66,1.661,25064.7
1763815500000,2025-11-22 14:45:00,1.661,1.67,1.658,1.662,42032.5
1763816400000,2025-11-22 15:00:00,1.662,1.67,1.649,1.663,39970.5
1763817300000,2025-11-22 15:15:00,1.663,1.663,1.646,1.653,34038.8
1763818200000,2025-11-22 15:30:00,1.653,1.656,1.638,1.649,44481.9
1763819100000,2025-11-22 15:45:00,1.649,1.662,1.648,1.659,43402.9
1763820000000,2025-11-22 16:00:00,1.659,1.675,1.659,1.674,93535.5
1763820900000,2025-11-22 16:15:00,1.674,1.69,1.67,1.678,74062.9
1763821800000,2025-11-22 16:30:00,1.678,1.681,1.667,1.668,30731.4
1763822700000,2025-11-22 16:45:00,1.668,1.678,1.661,1.671,59184.3
1763823600000,2025-11-22 17:00:00,1.671,1.674,1.663,1.664,19671.6
1763824500000,2025-11-22 17:15:00,1.664,1.673,1.661,1.666,27102.0
1763825400000,2025-11-22 17:30:00,1.666,1.666,1.645,1.647,38956.4
1763826300000,2025-11-22 17:45:00,1.647,1.662,1.643,1.659,52319.4
1763827200000,2025-11-22 18:00:00,1.659,1.678,1.657,1.671,54894.0
1763828100000,2025-11-22 18:15:00,1.671,1.673,1.663,1.667,52483.6
1763829000000,2025-11-22 18:30:00,1.667,1.675,1.667,1.675,34404.7
1763829900000,2025-11-22 18:45:00,1.675,1.682,1.668,1.676,117271.5
1763830800000,2025-11-22 19:00:00,1.676,1.679,1.669,1.672,117114.5
1763831700000,2025-11-22 19:15:00,1.672,1.677,1.665,1.675,32105.4
1763832600000,2025-11-22 19:30:00,1.675,1.677,1.671,1.673,51560.9
1763833500000,2025-11-22 19:45:00,1.673,1.674,1.666,1.669,16466.0
1763834400000,2025-11-22 20:00:00,1.669,1.676,1.662,1.672,108730.3
1763835300000,2025-11-22 20:15:00,1.672,1.679,1.667,1.676,110555.3
1763836200000,2025-11-22 20:30:00,1.676,1.677,1.666,1.673,29893.8
1763837100000,2025-11-22 20:45:00,1.673,1.683,1.67,1.68,26128.0
1763838000000,2025-11-22 21:00:00,1.68,1.683,1.672,1.678,28470.8
1763838900000,2025-11-22 21:15:00,1.678,1.683,1.672,1.674,23073.9
1763839800000,2025-11-22 21:30:00,1.674,1.678,1.669,1.673,22693.3
1763840700000,2025-11-22 21:45:00,1.673,1.687,1.673,1.679,32368.1
1763841600000,2025-11-22 22:00:00,1.679,1.698,1.679,1.698,83697.1
1763842500000,2025-11-22 22:15:00,1.698,1.706,1.691,1.697,97790.2
1763843400000,2025-11-22 22:30:00,1.697,1.698,1.675,1.676,44736.3
1763844300000,2025-11-22 22:45:00,1.676,1.683,1.672,1.677,40751.0
1763845200000,2025-11-22 23:00:00,1.677,1.69,1.676,1.681,32992.7
1763846100000,2025-11-22 23:15:00,1.681,1.691,1.68,1.691,24293.7
1763847000000,2025-11-22 23:30:00,1.691,1.697,1.689,1.694,20627.5
1763847900000,2025-11-22 23:45:00,1.694,1.699,1.689,1.692,11171.8
1763848800000,2025-11-23 00:00:00,1.692,1.702,1.688,1.702,15947.5
1763849700000,2025-11-23 00:15:00,1.702,1.707,1.698,1.702,25108.9
1763850600000,2025-11-23 00:30:00,1.702,1.719,1.701,1.716,27039.5
1763851500000,2025-11-23 00:45:00,1.716,1.746,1.716,1.737,44186.0
1763852400000,2025-11-23 01:00:00,1.737,1.744,1.721,1.725,99132.9
1763853300000,2025-11-23 01:15:00,1.725,1.725,1.714,1.717,15674.7
1763854200000,2025-11-23 01:30:00,1.717,1.738,1.717,1.729,40376.8
1763855100000,2025-11-23 01:45:00,1.729,1.734,1.727,1.732,12098.0
1763856000000,2025-11-23 02:00:00,1.732,1.745,1.732,1.737,36439.4
1763856900000,2025-11-23 02:15:00,1.737,1.741,1.723,1.723,28039.4
1763857800000,2025-11-23 02:30:00,1.723,1.725,1.711,1.715,30061.7
1763858700000,2025-11-23 02:45:00,1.715,1.723,1.713,1.718,18994.7
1763859600000,2025-11-23 03:00:00,1.718,1.73,1.715,1.728,76322.9
1763860500000,2025-11-23 03:15:00,1.728,1.734,1.723,1.729,22511.4
1763861400000,2025-11-23 03:30:00,1.729,1.748,1.724,1.746,51658.9
1763862300000,2025-11-23 03:45:00,1.746,1.763,1.743,1.751,107026.4
1763863200000,2025-11-23 04:00:00,1.751,1.754,1.74,1.748,74637.6
1763864100000,2025-11-23 04:15:00,1.748,1.756,1.743,1.751,26291.1
1763865000000,2025-11-23 04:30:00,1.751,1.767,1.75,1.758,53008.4
1763865900000,2025-11-23 04:45:00,1.758,1.763,1.752,1.753,30370.7
1763866800000,2025-11-23 05:00:00,1.753,1.755,1.742,1.743,37673.2
1763867700000,2025-11-23 05:15:00,1.743,1.743,1.73,1.735,28737.9
1763868600000,2025-11-23 05:30:00,1.735,1.747,1.735,1.743,31506.7
1763869500000,2025-11-23 05:45:00,1.743,1.752,1.741,1.749,19290.2
1763870400000,2025-11-23 06:00:00,1.749,1.759,1.745,1.758,35078.5
1763871300000,2025-11-23 06:15:00,1.758,1.772,1.754,1.757,79185.7
1763872200000,2025-11-23 06:30:00,1.757,1.763,1.754,1.756,48018.0
1763873100000,2025-11-23 06:45:00,1.756,1.766,1.756,1.763,84346.6
1763874000000,2025-11-23 07:00:00,1.763,1.763,1.757,1.762,27695.8
1763874900000,2025-11-23 07:15:00,1.762,1.766,1.753,1.756,24553.5
1763875800000,2025-11-23 07:30:00,1.756,1.762,1.756,1.76,38017.9
1763876700000,2025-11-23 07:45:00,1.76,1.77,1.76,1.767,20864.3
1763877600000,2025-11-23 08:00:00,1.767,1.77,1.758,1.758,11363.5
1763878500000,2025-11-23 08:15:00,1.758,1.763,1.75,1.754,38194.2
1763879400000,2025-11-23 08:30:00,1.754,1.754,1.744,1.747,32721.4
1763880300000,2025-11-23 08:45:00,1.747,1.747,1.742,1.746,20192.8
1763881200000,2025-11-23 09:00:00,1.746,1.746,1.734,1.744,38502.6
1763882100000,2025-11-23 09:15:00,1.744,1.744,1.727,1.73,79768.6
1763883000000,2025-11-23 09:30:00,1.73,1.742,1.729,1.738,18424.9
1763883900000,2025-11-23 09:45:00,1.738,1.742,1.734,1.737,10364.9
1763884800000,2025-11-23 10:00:00,1.737,1.738,1.733,1.733,22642.0
1763885700000,2025-11-23 10:15:00,1.733,1.742,1.732,1.738,27306.2
1763886600000,2025-11-23 10:30:00,1.738,1.74,1.73,1.731,22326.0
1763887500000,2025-11-23 10:45:00,1.731,1.743,1.731,1.741,27772.1
1763888400000,2025-11-23 11:00:00,1.741,1.745,1.738,1.744,6058.8
1763889300000,2025-11-23 11:15:00,1.744,1.748,1.74,1.741,20701.9
1763890200000,2025-11-23 11:30:00,1.741,1.754,1.741,1.753,50681.4
1763891100000,2025-11-23 11:45:00,1.753,1.753,1.742,1.742,15482.7
1763892000000,2025-11-23 12:00:00,1.742,1.742,1.73,1.731,61334.0
1763892900000,2025-11-23 12:15:00,1.731,1.735,1.729,1.73,22429.5
1763893800000,2025-11-23 12:30:00,1.73,1.736,1.73,1.736,9774.1
1763894700000,2025-11-23 12:45:00,1.736,1.738,1.732,1.732,10772.8
1763895600000,2025-11-23 13:00:00,1.732,1.732,1.712,1.714,27956.1
1763896500000,2025-11-23 13:15:00,1.714,1.716,1.706,1.712,31307.7
1763897400000,2025-11-23 13:30:00,1.712,1.724,1.71,1.723,23485.6
1763898300000,2025-11-23 13:45:00,1.723,1.727,1.719,1.722,9643.1
1763899200000,2025-11-23 14:00:00,1.722,1.736,1.72,1.735,26156.9
1763900100000,2025-11-23 14:15:00,1.735,1.743,1.733,1.734,40839.4
1763901000000,2025-11-23 14:30:00,1.734,1.742,1.73,1.735,25415.3
1763901900000,2025-11-23 14:45:00,1.735,1.736,1.726,1.729,11287.6
1763902800000,2025-11-23 15:00:00,1.729,1.732,1.722,1.724,22599.0
1763903700000,2025-11-23 15:15:00,1.724,1.729,1.722,1.725,12708.3
1763904600000,2025-11-23 15:30:00,1.725,1.731,1.723,1.731,11411.4
1763905500000,2025-11-23 15:45:00,1.731,1.738,1.73,1.738,19507.3
1763906400000,2025-11-23 16:00:00,1.738,1.747,1.729,1.732,49187.3
1763907300000,2025-11-23 16:15:00,1.732,1.734,1.726,1.727,17501.3
1763908200000,2025-11-23 16:30:00,1.727,1.732,1.721,1.727,51513.2
1763909100000,2025-11-23 16:45:00,1.727,1.73,1.715,1.718,31421.7
1763910000000,2025-11-23 17:00:00,1.718,1.725,1.713,1.724,24570.1
1763910900000,2025-11-23 17:15:00,1.724,1.728,1.721,1.724,19657.8
1763911800000,2025-11-23 17:30:00,1.724,1.75,1.724,1.745,44238.0
1763912700000,2025-11-23 17:45:00,1.745,1.75,1.739,1.744,39382.3
1763913600000,2025-11-23 18:00:00,1.744,1.756,1.739,1.741,43112.8
1763914500000,2025-11-23 18:15:00,1.741,1.743,1.731,1.733,31215.8
1763915400000,2025-11-23 18:30:00,1.733,1.746,1.73,1.742,28689.9
1763916300000,2025-11-23 18:45:00,1.742,1.742,1.717,1.717,30166.8
1763917200000,2025-11-23 19:00:00,1.717,1.722,1.71,1.718,46660.4
1763918100000,2025-11-23 19:15:00,1.718,1.723,1.709,1.722,42352.8
1763919000000,2025-11-23 19:30:00,1.722,1.723,1.713,1.722,54474.3
1763919900000,2025-11-23 19:45:00,1.722,1.722,1.71,1.716,37393.9
1763920800000,2025-11-23 20:00:00,1.716,1.726,1.716,1.725,18155.1
1763921700000,2025-11-23 20:15:00,1.725,1.734,1.725,1.727,39733.6
1763922600000,2025-11-23 20:30:00,1.727,1.739,1.726,1.735,21015.9
1763923500000,2025-11-23 20:45:00,1.735,1.735,1.727,1.729,66775.2
1763924400000,2025-11-23 21:00:00,1.729,1.738,1.728,1.735,19699.5
1763925300000,2025-11-23 21:15:00,1.735,1.747,1.734,1.742,38291.4
1763926200000,2025-11-23 21:30:00,1.742,1.751,1.742,1.746,48378.8
1763927100000,2025-11-23 21:45:00,1.746,1.748,1.735,1.737,20142.9
1763928000000,2025-11-23 22:00:00,1.737,1.744,1.735,1.744,26446.7
1763928900000,2025-11-23 22:15:00,1.744,1.749,1.741,1.746,29335.6
1763929800000,2025-11-23 22:30:00,1.746,1.749,1.74,1.743,30881.2
1763930700000,2025-11-23 22:45:00,1.743,1.745,1.74,1.743,23107.8
1763931600000,2025-11-23 23:00:00,1.743,1.746,1.733,1.736,33846.3
1763932500000,2025-11-23 23:15:00,1.736,1.746,1.734,1.744,111832.7
1763933400000,2025-11-23 23:30:00,1.744,1.744,1.74,1.741,22008.8
1763934300000,2025-11-23 23:45:00,1.741,1.754,1.738,1.748,24301.5
1763935200000,2025-11-24 00:00:00,1.748,1.752,1.731,1.736,45187.4
1763936100000,2025-11-24 00:15:00,1.736,1.743,1.731,1.742,27095.9
1763937000000,2025-11-24 00:30:00,1.742,1.742,1.733,1.738,16989.7
1763937900000,2025-11-24 00:45:00,1.738,1.744,1.736,1.74,11240.5
1763938800000,2025-11-24 01:00:00,1.74,1.744,1.72,1.722,25074.2
1763939700000,2025-11-24 01:15:00,1.722,1.725,1.711,1.718,57517.5
1763940600000,2025-11-24 01:30:00,1.718,1.719,1.712,1.714,23707.9
1763941500000,2025-11-24 01:45:00,1.714,1.715,1.708,1.713,24217.6
1763942400000,2025-11-24 02:00:00,1.713,1.713,1.693,1.694,58302.3
1763943300000,2025-11-24 02:15:00,1.694,1.706,1.687,1.703,50748.2
1763944200000,2025-11-24 02:30:00,1.703,1.713,1.698,1.708,22038.9
1763945100000,2025-11-24 02:45:00,1.708,1.722,1.701,1.704,50125.1
1763946000000,2025-11-24 03:00:00,1.704,1.707,1.698,1.702,32244.7
1763946900000,2025-11-24 03:15:00,1.702,1.705,1.693,1.701,62935.5
1763947800000,2025-11-24 03:30:00,1.701,1.701,1.691,1.694,32958.6
1763948700000,2025-11-24 03:45:00,1.694,1.712,1.691,1.707,42716.3
1763949600000,2025-11-24 04:00:00,1.707,1.738,1.703,1.737,133714.6
1763950500000,2025-11-24 04:15:00,1.737,1.746,1.732,1.738,66284.7
1763951400000,2025-11-24 04:30:00,1.738,1.742,1.721,1.725,36197.6
1763952300000,2025-11-24 04:45:00,1.725,1.727,1.718,1.725,19918.0
1763953200000,2025-11-24 05:00:00,1.725,1.728,1.718,1.721,20710.4
1763954100000,2025-11-24 05:15:00,1.721,1.747,1.72,1.733,32249.1
1763955000000,2025-11-24 05:30:00,1.733,1.739,1.729,1.731,18730.3
1763955900000,2025-11-24 05:45:00,1.731,1.736,1.726,1.728,14704.0
1763956800000,2025-11-24 06:00:00,1.728,1.741,1.728,1.731,28265.6
1763957700000,2025-11-24 06:15:00,1.731,1.731,1.694,1.7,46122.9
1763958600000,2025-11-24 06:30:00,1.7,1.718,1.7,1.716,43589.8
1763959500000,2025-11-24 06:45:00,1.716,1.72,1.715,1.717,13038.2
1763960400000,2025-11-24 07:00:00,1.717,1.745,1.713,1.745,58900.2
1763961300000,2025-11-24 07:15:00,1.745,1.756,1.743,1.751,36049.3
1763962200000,2025-11-24 07:30:00,1.751,1.751,1.739,1.739,36952.8
1763963100000,2025-11-24 07:45:00,1.739,1.744,1.735,1.742,44490.2
1763964000000,2025-11-24 08:00:00,1.742,1.742,1.716,1.722,56808.4
1763964900000,2025-11-24 08:15:00,1.722,1.734,1.721,1.723,39320.4
1763965800000,2025-11-24 08:30:00,1.723,1.726,1.716,1.723,45357.9
1763966700000,2025-11-24 08:45:00,1.723,1.726,1.714,1.726,46608.9
1763967600000,2025-11-24 09:00:00,1.726,1.726,1.715,1.72,17202.4
1763968500000,2025-11-24 09:15:00,1.72,1.726,1.716,1.719,20459.8
1763969400000,2025-11-24 09:30:00,1.719,1.732,1.718,1.729,19821.5
1763970300000,2025-11-24 09:45:00,1.729,1.729,1.718,1.719,26867.6
1763971200000,2025-11-24 10:00:00,1.719,1.72,1.711,1.719,35032.1
1763972100000,2025-11-24 10:15:00,1.719,1.726,1.714,1.714,35584.0
1763973000000,2025-11-24 10:30:00,1.714,1.716,1.707,1.711,18247.6
1763973900000,2025-11-24 10:45:00,1.711,1.718,1.706,1.714,14301.9
1763974800000,2025-11-24 11:00:00,1.714,1.714,1.697,1.699,23507.6
1763975700000,2025-11-24 11:15:00,1.699,1.699,1.678,1.681,98736.2
1763976600000,2025-11-24 11:30:00,1.681,1.698,1.681,1.688,37960.6
1763977500000,2025-11-24 11:45:00,1.688,1.696,1.688,1.692,27127.0
1763978400000,2025-11-24 12:00:00,1.692,1.699,1.69,1.691,38450.5
1763979300000,2025-11-24 12:15:00,1.691,1.695,1.69,1.694,30826.2
1763980200000,2025-11-24 12:30:00,1.694,1.7,1.687,1.695,16441.4
1763981100000,2025-11-24 12:45:00,1.695,1.701,1.693,1.7,28940.3
1763982000000,2025-11-24 13:00:00,1.7,1.707,1.696,1.706,29562.1
1763982900000,2025-11-24 13:15:00,1.706,1.707,1.703,1.707,33434.1
1763983800000,2025-11-24 13:30:00,1.707,1.716,1.707,1.715,18347.3
1763984700000,2025-11-24 13:45:00,1.715,1.721,1.714,1.717,16829.0
1763985600000,2025-11-24 14:00:00,1.717,1.718,1.706,1.709,27431.3
1763986500000,2025-11-24 14:15:00,1.709,1.715,1.709,1.712,16753.0
1763987400000,2025-11-24 14:30:00,1.712,1.717,1.698,1.699,49824.5
1763988300000,2025-11-24 14:45:00,1.699,1.704,1.696,1.701,15845.1
1763989200000,2025-11-24 15:00:00,1.701,1.723,1.699,1.715,56041.7
1763990100000,2025-11-24 15:15:00,1.715,1.722,1.713,1.721,16812.1
1763991000000,2025-11-24 15:30:00,1.721,1.728,1.715,1.724,34114.0
1763991900000,2025-11-24 15:45:00,1.724,1.726,1.71,1.71,34896.5
1763992800000,2025-11-24 16:00:00,1.71,1.71,1.702,1.705,29454.7
1763993700000,2025-11-24 16:15:00,1.705,1.709,1.701,1.701,26825.5
1763994600000,2025-11-24 16:30:00,1.701,1.745,1.701,1.708,195283.3
1763995500000,2025-11-24 16:45:00,1.708,1.74,1.699,1.74,113702.7
1763996400000,2025-11-24 17:00:00,1.74,1.749,1.73,1.738,146118.2
1763997300000,2025-11-24 17:15:00,1.738,1.739,1.718,1.727,59158.3
1763998200000,2025-11-24 17:30:00,1.727,1.749,1.721,1.747,87111.2
1763999100000,2025-11-24 17:45:00,1.747,1.76,1.743,1.748,65307.2
1764000000000,2025-11-24 18:00:00,1.748,1.764,1.748,1.757,78372.8
1764000900000,2025-11-24 18:15:00,1.757,1.773,1.757,1.763,61130.6
1764001800000,2025-11-24 18:30:00,1.763,1.771,1.758,1.77,46681.4
1764002700000,2025-11-24 18:45:00,1.77,1.777,1.767,1.777,59865.8
1764003600000,2025-11-24 19:00:00,1.777,1.783,1.774,1.775,49160.1
1764004500000,2025-11-24 19:15:00,1.775,1.808,1.772,1.806,144375.2
1764005400000,2025-11-24 19:30:00,1.806,1.814,1.801,1.804,122972.8
1764006300000,2025-11-24 19:45:00,1.804,1.829,1.802,1.826,74912.8
1764007200000,2025-11-24 20:00:00,1.826,1.833,1.821,1.829,136101.0
1764008100000,2025-11-24 20:15:00,1.829,1.831,1.817,1.817,47443.6
1764009000000,2025-11-24 20:30:00,1.817,1.825,1.811,1.822,42704.2
1764009900000,2025-11-24 20:45:00,1.822,1.831,1.819,1.823,44558.0
1764010800000,2025-11-24 21:00:00,1.823,1.832,1.821,1.828,106807.7
1764011700000,2025-11-24 21:15:00,1.828,1.83,1.822,1.828,18539.6
1764012600000,2025-11-24 21:30:00,1.828,1.83,1.816,1.82,36288.6
1764013500000,2025-11-24 21:45:00,1.82,1.82,1.812,1.815,65844.2
1764014400000,2025-11-24 22:00:00,1.815,1.836,1.814,1.831,96300.8
1764015300000,2025-11-24 22:15:00,1.831,1.842,1.827,1.84,32812.2
1764016200000,2025-11-24 22:30:00,1.84,1.847,1.836,1.842,36078.3
1764017100000,2025-11-24 22:45:00,1.842,1.85,1.84,1.842,57214.1
1764018000000,2025-11-24 23:00:00,1.842,1.848,1.837,1.848,34471.9
1764018900000,2025-11-24 23:15:00,1.848,1.85,1.841,1.845,28057.1
1764019800000,2025-11-24 23:30:00,1.845,1.85,1.833,1.833,27820.2
1764020700000,2025-11-24 23:45:00,1.833,1.839,1.829,1.839,29985.6
1764021600000,2025-11-25 00:00:00,1.839,1.859,1.838,1.847,43542.4
1764022500000,2025-11-25 00:15:00,1.847,1.847,1.84,1.847,8220.7
1764023400000,2025-11-25 00:30:00,1.847,1.852,1.842,1.845,19008.1
1764024300000,2025-11-25 00:45:00,1.845,1.845,1.835,1.843,13006.2
1764025200000,2025-11-25 01:00:00,1.843,1.845,1.834,1.837,9579.3
1764026100000,2025-11-25 01:15:00,1.837,1.84,1.836,1.839,4196.3
1764027000000,2025-11-25 01:30:00,1.839,1.839,1.831,1.837,50120.4
1764027900000,2025-11-25 01:45:00,1.837,1.837,1.83,1.836,18230.9
1764028800000,2025-11-25 02:00:00,1.836,1.854,1.835,1.839,225808.3
1764029700000,2025-11-25 02:15:00,1.839,1.842,1.831,1.834,42937.0
1764030600000,2025-11-25 02:30:00,1.834,1.847,1.832,1.841,58755.2
1764031500000,2025-11-25 02:45:00,1.841,1.849,1.837,1.847,38996.4
1764032400000,2025-11-25 03:00:00,1.847,1.847,1.834,1.841,76619.1
1764033300000,2025-11-25 03:15:00,1.841,1.843,1.833,1.837,158016.0
1764034200000,2025-11-25 03:30:00,1.837,1.844,1.835,1.838,62915.7
1764035100000,2025-11-25 03:45:00,1.838,1.84,1.826,1.827,32183.0
1764036000000,2025-11-25 04:00:00,1.827,1.83,1.819,1.819,57260.1
1764036900000,2025-11-25 04:15:00,1.819,1.822,1.799,1.799,67610.9
1764037800000,2025-11-25 04:30:00,1.799,1.809,1.797,1.807,37234.4
1764038700000,2025-11-25 04:45:00,1.807,1.819,1.807,1.818,19635.5
1764039600000,2025-11-25 05:00:00,1.818,1.824,1.811,1.812,28752.5
1764040500000,2025-11-25 05:15:00,1.812,1.82,1.811,1.817,9126.9
1764041400000,2025-11-25 05:30:00,1.817,1.818,1.806,1.808,16316.9
1764042300000,2025-11-25 05:45:00,1.808,1.809,1.801,1.808,19935.3
1764043200000,2025-11-25 06:00:00,1.808,1.816,1.806,1.816,15053.4
1764044100000,2025-11-25 06:15:00,1.816,1.816,1.801,1.803,41880.5
1764045000000,2025-11-25 06:30:00,1.803,1.812,1.802,1.809,17110.0
1764045900000,2025-11-25 06:45:00,1.809,1.816,1.808,1.812,13646.4
1764046800000,2025-11-25 07:00:00,1.812,1.812,1.805,1.809,16494.0
1764047700000,2025-11-25 07:15:00,1.809,1.815,1.801,1.803,14789.1
1764048600000,2025-11-25 07:30:00,1.803,1.813,1.803,1.813,8056.2
1764049500000,2025-11-25 07:45:00,1.813,1.815,1.81,1.81,4884.2
1764050400000,2025-11-25 08:00:00,1.81,1.81,1.801,1.802,14838.5
1764051300000,2025-11-25 08:15:00,1.802,1.802,1.792,1.792,11980.9
1764052200000,2025-11-25 08:30:00,1.792,1.793,1.784,1.786,31935.1
1764053100000,2025-11-25 08:45:00,1.786,1.791,1.782,1.79,20984.5
1764054000000,2025-11-25 09:00:00,1.79,1.795,1.783,1.791,27163.7
1764054900000,2025-11-25 09:15:00,1.791,1.792,1.774,1.777,48655.2
1764055800000,2025-11-25 09:30:00,1.777,1.783,1.776,1.777,12457.7
1764056700000,2025-11-25 09:45:00,1.777,1.779,1.767,1.77,56607.2
1764057600000,2025-11-25 10:00:00,1.77,1.778,1.769,1.774,19306.6
1764058500000,2025-11-25 10:15:00,1.774,1.785,1.773,1.783,25980.6
1764059400000,2025-11-25 10:30:00,1.783,1.784,1.776,1.779,34558.4
1764060300000,2025-11-25 10:45:00,1.779,1.782,1.766,1.766,39733.0
1764061200000,2025-11-25 11:00:00,1.766,1.772,1.766,1.768,18277.3
1764062100000,2025-11-25 11:15:00,1.768,1.771,1.759,1.761,30043.4
1764063000000,2025-11-25 11:30:00,1.761,1.782,1.761,1.781,29838.0
1764063900000,2025-11-25 11:45:00,1.781,1.79,1.777,1.79,53066.7
1764064800000,2025-11-25 12:00:00,1.79,1.79,1.779,1.779,16348.6
1764065700000,2025-11-25 12:15:00,1.779,1.783,1.77,1.782,14182.7
1764066600000,2025-11-25 12:30:00,1.782,1.787,1.779,1.784,11798.5
1764067500000,2025-11-25 12:45:00,1.784,1.788,1.784,1.787,7076.4
1764068400000,2025-11-25 13:00:00,1.787,1.787,1.781,1.784,8471.1
1764069300000,2025-11-25 13:15:00,1.784,1.785,1.774,1.779,23094.0
1764070200000,2025-11-25 13:30:00,1.779,1.781,1.776,1.778,7039.6
1764071100000,2025-11-25 13:45:00,1.778,1.779,1.774,1.776,6264.4
1764072000000,2025-11-25 14:00:00,1.776,1.786,1.771,1.786,16864.6
1764072900000,2025-11-25 14:15:00,1.786,1.793,1.777,1.783,44377.0
1764073800000,2025-11-25 14:30:00,1.783,1.791,1.776,1.787,14581.7
1764074700000,2025-11-25 14:45:00,1.787,1.787,1.781,1.783,5164.7
1764075600000,2025-11-25 15:00:00,1.783,1.789,1.779,1.789,13481.5
1764076500000,2025-11-25 15:15:00,1.789,1.793,1.787,1.789,12483.4
1764077400000,2025-11-25 15:30:00,1.789,1.794,1.77,1.771,22077.2
1764078300000,2025-11-25 15:45:00,1.771,1.776,1.763,1.768,34306.3
1764079200000,2025-11-25 16:00:00,1.768,1.776,1.764,1.776,34751.2
1764080100000,2025-11-25 16:15:00,1.776,1.785,1.771,1.782,28222.6
1764081000000,2025-11-25 16:30:00,1.782,1.784,1.754,1.76,106980.5
1764081900000,2025-11-25 16:45:00,1.76,1.76,1.734,1.755,164119.4
1764082800000,2025-11-25 17:00:00,1.755,1.763,1.735,1.75,108675.6
1764083700000,2025-11-25 17:15:00,1.75,1.755,1.741,1.753,42806.0
1764084600000,2025-11-25 17:30:00,1.753,1.773,1.753,1.771,39259.2
1764085500000,2025-11-25 17:45:00,1.771,1.778,1.757,1.762,34448.6
1764086400000,2025-11-25 18:00:00,1.762,1.77,1.76,1.761,32603.0
1764087300000,2025-11-25 18:15:00,1.761,1.786,1.76,1.786,68600.5
1764088200000,2025-11-25 18:30:00,1.786,1.791,1.774,1.777,22762.8
1764089100000,2025-11-25 18:45:00,1.777,1.778,1.772,1.774,22816.6
1764090000000,2025-11-25 19:00:00,1.774,1.787,1.763,1.785,47017.2
1764090900000,2025-11-25 19:15:00,1.785,1.785,1.773,1.779,56173.6
1764091800000,2025-11-25 19:30:00,1.779,1.803,1.778,1.797,32652.1
1764092700000,2025-11-25 19:45:00,1.797,1.798,1.787,1.787,52249.6
1764093600000,2025-11-25 20:00:00,1.787,1.8,1.785,1.796,22448.7
1764094500000,2025-11-25 20:15:00,1.796,1.808,1.796,1.802,63581.6
1764095400000,2025-11-25 20:30:00,1.802,1.809,1.794,1.797,64124.8
1764096300000,2025-11-25 20:45:00,1.797,1.802,1.783,1.784,38130.8
1764097200000,2025-11-25 21:00:00,1.784,1.79,1.768,1.774,59516.2
1764098100000,2025-11-25 21:15:00,1.774,1.775,1.754,1.757,51765.4
1764099000000,2025-11-25 21:30:00,1.757,1.774,1.757,1.773,31024.2
1764099900000,2025-11-25 21:45:00,1.773,1.79,1.771,1.788,37466.2
1764100800000,2025-11-25 22:00:00,1.788,1.797,1.786,1.792,63807.6
1764101700000,2025-11-25 22:15:00,1.792,1.798,1.788,1.795,18138.6
1764102600000,2025-11-25 22:30:00,1.795,1.807,1.794,1.797,22197.3
1764103500000,2025-11-25 22:45:00,1.797,1.805,1.795,1.799,33301.7
1764104400000,2025-11-25 23:00:00,1.799,1.803,1.794,1.8,13895.8
1764105300000,2025-11-25 23:15:00,1.8,1.805,1.794,1.798,22369.0
1764106200000,2025-11-25 23:30:00,1.798,1.8,1.789,1.796,16885.7
1764107100000,2025-11-25 23:45:00,1.796,1.797,1.788,1.79,10941.6
1764108000000,2025-11-26 00:00:00,1.79,1.79,1.768,1.772,44677.7
1764108900000,2025-11-26 00:15:00,1.772,1.789,1.772,1.788,11804.3
1764109800000,2025-11-26 00:30:00,1.788,1.807,1.787,1.8,27723.7
1764110700000,2025-11-26 00:45:00,1.8,1.815,1.796,1.811,45510.4
1764111600000,2025-11-26 01:00:00,1.811,1.83,1.805,1.83,72514.0
1764112500000,2025-11-26 01:15:00,1.83,1.832,1.821,1.821,33129.0
1764113400000,2025-11-26 01:30:00,1.821,1.826,1.821,1.824,22312.7
1764114300000,2025-11-26 01:45:00,1.824,1.824,1.813,1.814,11342.3
1764115200000,2025-11-26 02:00:00,1.814,1.819,1.809,1.814,27587.4
1764116100000,2025-11-26 02:15:00,1.814,1.82,1.807,1.811,35689.7
1764117000000,2025-11-26 02:30:00,1.811,1.813,1.804,1.808,12880.2
1764117900000,2025-11-26 02:45:00,1.808,1.812,1.804,1.805,9823.8
1764118800000,2025-11-26 03:00:00,1.805,1.806,1.798,1.803,33471.5
1764119700000,2025-11-26 03:15:00,1.803,1.811,1.799,1.809,20581.9
1764120600000,2025-11-26 03:30:00,1.809,1.828,1.806,1.822,24542.3
1764121500000,2025-11-26 03:45:00,1.822,1.822,1.81,1.813,20296.5
1764122400000,2025-11-26 04:00:00,1.813,1.816,1.812,1.814,7945.9
1764123300000,2025-11-26 04:15:00,1.814,1.819,1.806,1.809,23996.3
1764124200000,2025-11-26 04:30:00,1.809,1.812,1.806,1.809,8039.4
1764125100000,2025-11-26 04:45:00,1.809,1.81,1.803,1.805,17607.6
1764126000000,2025-11-26 05:00:00,1.805,1.807,1.803,1.806,4817.0
1764126900000,2025-11-26 05:15:00,1.806,1.809,1.804,1.807,5641.2
1764127800000,2025-11-26 05:30:00,1.807,1.807,1.792,1.793,13947.1
1764128700000,2025-11-26 05:45:00,1.793,1.793,1.783,1.785,28911.6
1764129600000,2025-11-26 06:00:00,1.785,1.789,1.779,1.779,8171.4
1764130500000,2025-11-26 06:15:00,1.779,1.79,1.779,1.788,15173.6
1764131400000,2025-11-26 06:30:00,1.788,1.791,1.786,1.787,7811.9
1764132300000,2025-11-26 06:45:00,1.787,1.789,1.784,1.784,2585.7
1764133200000,2025-11-26 07:00:00,1.784,1.788,1.781,1.786,4227.6
1764134100000,2025-11-26 07:15:00,1.786,1.795,1.786,1.791,10985.6
1764135000000,2025-11-26 07:30:00,1.791,1.799,1.791,1.797,3460.0
1764135900000,2025-11-26 07:45:00,1.797,1.802,1.795,1.795,17852.3
1764136800000,2025-11-26 08:00:00,1.795,1.803,1.795,1.799,18047.9
1764137700000,2025-11-26 08:15:00,1.799,1.8,1.791,1.794,14087.6
1764138600000,2025-11-26 08:30:00,1.794,1.804,1.793,1.802,3179.1
1764139500000,2025-11-26 08:45:00,1.802,1.809,1.797,1.804,30585.6
1764140400000,2025-11-26 09:00:00,1.804,1.806,1.801,1.804,12159.3
1764141300000,2025-11-26 09:15:00,1.804,1.808,1.801,1.805,6956.5
1764142200000,2025-11-26 09:30:00,1.805,1.807,1.802,1.803,10963.5
1764143100000,2025-11-26 09:45:00,1.803,1.811,1.802,1.809,9519.4
1764144000000,2025-11-26 10:00:00,1.809,1.809,1.803,1.803,13791.3
1764144900000,2025-11-26 10:15:00,1.803,1.805,1.794,1.796,13070.0
1764145800000,2025-11-26 10:30:00,1.796,1.803,1.794,1.802,6105.3
1764146700000,2025-11-26 10:45:00,1.802,1.803,1.796,1.796,25714.2
1764147600000,2025-11-26 11:00:00,1.796,1.802,1.793,1.797,43460.5
1764148500000,2025-11-26 11:15:00,1.797,1.797,1.78,1.785,72262.9
1764149400000,2025-11-26 11:30:00,1.785,1.788,1.78,1.783,26176.6
1764150300000,2025-11-26 11:45:00,1.783,1.784,1.779,1.782,14332.1
1764151200000,2025-11-26 12:00:00,1.782,1.792,1.781,1.785,11142.0
1764152100000,2025-11-26 12:15:00,1.785,1.785,1.78,1.784,7126.7
1764153000000,2025-11-26 12:30:00,1.784,1.784,1.774,1.781,7579.6
1764153900000,2025-11-26 12:45:00,1.781,1.786,1.778,1.782,3504.1
1764154800000,2025-11-26 13:00:00,1.782,1.787,1.779,1.785,4583.0
1764155700000,2025-11-26 13:15:00,1.785,1.786,1.777,1.777,8186.5
1764156600000,2025-11-26 13:30:00,1.777,1.779,1.773,1.778,10689.9
1764157500000,2025-11-26 13:45:00,1.778,1.78,1.771,1.776,5202.6
1764158400000,2025-11-26 14:00:00,1.776,1.779,1.76,1.761,41691.6
1764159300000,2025-11-26 14:15:00,1.761,1.764,1.753,1.762,23326.6
1764160200000,2025-11-26 14:30:00,1.762,1.767,1.76,1.765,8816.0
1764161100000,2025-11-26 14:45:00,1.765,1.769,1.764,1.764,9999.1
1764162000000,2025-11-26 15:00:00,1.764,1.768,1.76,1.763,23200.9
1764162900000,2025-11-26 15:15:00,1.763,1.774,1.763,1.771,14604.8
1764163800000,2025-11-26 15:30:00,1.771,1.783,1.764,1.779,16210.1
1764164700000,2025-11-26 15:45:00,1.779,1.783,1.776,1.783,40880.0
1764165600000,2025-11-26 16:00:00,1.783,1.787,1.772,1.782,35857.9
1764166500000,2025-11-26 16:15:00,1.782,1.782,1.777,1.779,20327.0
1764167400000,2025-11-26 16:30:00,1.779,1.784,1.768,1.773,52576.0
1764168300000,2025-11-26 16:45:00,1.773,1.786,1.752,1.757,77561.5
1764169200000,2025-11-26 17:00:00,1.757,1.769,1.754,1.757,61396.0
1764170100000,2025-11-26 17:15:00,1.757,1.767,1.749,1.766,25772.5
1764171000000,2025-11-26 17:30:00,1.766,1.767,1.747,1.747,26069.1
1764171900000,2025-11-26 17:45:00,1.747,1.754,1.742,1.754,38111.0
1764172800000,2025-11-26 18:00:00,1.754,1.772,1.753,1.771,37598.4
1764173700000,2025-11-26 18:15:00,1.771,1.781,1.767,1.773,23663.9
1764174600000,2025-11-26 18:30:00,1.773,1.783,1.768,1.773,46124.0
1764175500000,2025-11-26 18:45:00,1.773,1.776,1.767,1.772,20146.1
1764176400000,2025-11-26 19:00:00,1.772,1.78,1.769,1.769,51275.9
1764177300000,2025-11-26 19:15:00,1.769,1.803,1.763,1.8,68134.2
1764178200000,2025-11-26 19:30:00,1.8,1.828,1.795,1.826,188544.5
1764179100000,2025-11-26 19:45:00,1.826,1.835,1.824,1.828,63131.1
1764180000000,2025-11-26 20:00:00,1.828,1.836,1.818,1.834,178685.1
1764180900000,2025-11-26 20:15:00,1.834,1.842,1.833,1.842,57090.2
1764181800000,2025-11-26 20:30:00,1.842,1.844,1.826,1.826,29694.5
1764182700000,2025-11-26 20:45:00,1.826,1.842,1.822,1.842,30983.2
1764183600000,2025-11-26 21:00:00,1.842,1.843,1.83,1.833,26731.0
1764184500000,2025-11-26 21:15:00,1.833,1.838,1.831,1.833,22236.9
1764185400000,2025-11-26 21:30:00,1.833,1.837,1.827,1.833,35324.9
1764186300000,2025-11-26 21:45:00,1.833,1.839,1.83,1.834,27761.8
1764187200000,2025-11-26 22:00:00,1.834,1.835,1.82,1.831,43327.9
1764188100000,2025-11-26 22:15:00,1.831,1.832,1.823,1.827,17005.9
1764189000000,2025-11-26 22:30:00,1.827,1.83,1.82,1.82,12668.0
1764189900000,2025-11-26 22:45:00,1.82,1.822,1.814,1.821,11226.7
1764190800000,2025-11-26 23:00:00,1.821,1.823,1.813,1.814,11013.4
1764191700000,2025-11-26 23:15:00,1.814,1.833,1.811,1.832,37259.2
1764192600000,2025-11-26 23:30:00,1.832,1.837,1.828,1.832,49733.2
1764193500000,2025-11-26 23:45:00,1.832,1.842,1.832,1.836,35127.0
1764194400000,2025-11-27 00:00:00,1.836,1.842,1.83,1.836,13235.8
1764195300000,2025-11-27 00:15:00,1.836,1.842,1.83,1.833,10996.1
1764196200000,2025-11-27 00:30:00,1.833,1.837,1.829,1.829,15915.4
1764197100000,2025-11-27 00:45:00,1.829,1.837,1.826,1.832,24137.6
1764198000000,2025-11-27 01:00:00,1.832,1.835,1.825,1.828,32213.6
1764198900000,2025-11-27 01:15:00,1.828,1.828,1.817,1.817,18036.5
1764199800000,2025-11-27 01:30:00,1.817,1.826,1.816,1.823,10828.9
1764200700000,2025-11-27 01:45:00,1.823,1.826,1.823,1.826,5626.0
1764201600000,2025-11-27 02:00:00,1.826,1.827,1.807,1.81,146103.6
1764202500000,2025-11-27 02:15:00,1.81,1.815,1.807,1.81,48477.2
1764203400000,2025-11-27 02:30:00,1.81,1.813,1.809,1.813,6816.1
1764204300000,2025-11-27 02:45:00,1.813,1.824,1.812,1.814,35464.9
1764205200000,2025-11-27 03:00:00,1.814,1.826,1.813,1.816,37156.7
1764206100000,2025-11-27 03:15:00,1.816,1.818,1.809,1.812,16417.9
1764207000000,2025-11-27 03:30:00,1.812,1.818,1.81,1.817,6136.2
1764207900000,2025-11-27 03:45:00,1.817,1.826,1.815,1.825,29982.0
1764208800000,2025-11-27 04:00:00,1.825,1.83,1.821,1.83,26221.0
1764209700000,2025-11-27 04:15:00,1.83,1.839,1.829,1.839,27176.7
1764210600000,2025-11-27 04:30:00,1.839,1.844,1.835,1.842,82231.1
1764211500000,2025-11-27 04:45:00,1.842,1.844,1.829,1.84,65405.8
1764212400000,2025-11-27 05:00:00,1.84,1.857,1.831,1.834,219339.3
1764213300000,2025-11-27 05:15:00,1.834,1.834,1.822,1.822,49924.8
1764214200000,2025-11-27 05:30:00,1.822,1.822,1.811,1.814,83166.0
1764215100000,2025-11-27 05:45:00,1.814,1.816,1.811,1.814,53176.0
1764216000000,2025-11-27 06:00:00,1.814,1.827,1.813,1.823,25514.3
1764216900000,2025-11-27 06:15:00,1.823,1.829,1.821,1.822,34234.2
1764217800000,2025-11-27 06:30:00,1.822,1.825,1.817,1.821,14526.9
1764218700000,2025-11-27 06:45:00,1.821,1.823,1.815,1.816,12445.3
1764219600000,2025-11-27 07:00:00,1.816,1.816,1.799,1.802,136481.1
1764220500000,2025-11-27 07:15:00,1.802,1.805,1.793,1.801,30116.9
1764221400000,2025-11-27 07:30:00,1.801,1.801,1.785,1.793,65568.2
1764222300000,2025-11-27 07:45:00,1.793,1.797,1.79,1.793,64850.9
1764223200000,2025-11-27 08:00:00,1.793,1.8,1.79,1.798,67583.4
1764224100000,2025-11-27 08:15:00,1.798,1.802,1.795,1.801,15685.7
1764225000000,2025-11-27 08:30:00,1.801,1.805,1.798,1.801,20440.6
1764225900000,2025-11-27 08:45:00,1.801,1.803,1.798,1.8,8751.1
1764226800000,2025-11-27 09:00:00,1.8,1.801,1.797,1.799,13198.0
1764227700000,2025-11-27 09:15:00,1.799,1.801,1.796,1.798,12351.3
1764228600000,2025-11-27 09:30:00,1.798,1.798,1.788,1.792,14310.7
1764229500000,2025-11-27 09:45:00,1.792,1.799,1.791,1.797,28412.7
1764230400000,2025-11-27 10:00:00,1.797,1.798,1.787,1.79,19989.8
1764231300000,2025-11-27 10:15:00,1.79,1.794,1.788,1.793,9075.7
1764232200000,2025-11-27 10:30:00,1.793,1.799,1.791,1.796,13866.8
1764233100000,2025-11-27 10:45:00,1.796,1.803,1.794,1.799,67148.2
1764234000000,2025-11-27 11:00:00,1.799,1.801,1.796,1.798,14280.9
1764234900000,2025-11-27 11:15:00,1.798,1.807,1.796,1.797,43164.2
1764235800000,2025-11-27 11:30:00,1.797,1.808,1.795,1.801,30931.8
1764236700000,2025-11-27 11:45:00,1.801,1.801,1.788,1.789,23896.1
1764237600000,2025-11-27 12:00:00,1.789,1.792,1.784,1.785,34672.2
1764238500000,2025-11-27 12:15:00,1.785,1.79,1.78,1.781,31799.9
1764239400000,2025-11-27 12:30:00,1.781,1.781,1.772,1.779,45856.8
1764240300000,2025-11-27 12:45:00,1.779,1.784,1.771,1.772,24120.0
1764241200000,2025-11-27 13:00:00,1.772,1.776,1.769,1.774,54179.5
1764242100000,2025-11-27 13:15:00,1.774,1.775,1.77,1.772,16338.3
1764243000000,2025-11-27 13:30:00,1.772,1.779,1.769,1.777,27281.3
1764243900000,2025-11-27 13:45:00,1.777,1.779,1.775,1.775,14297.9
1764244800000,2025-11-27 14:00:00,1.775,1.784,1.773,1.781,32070.7
1764245700000,2025-11-27 14:15:00,1.781,1.782,1.775,1.78,21049.1
1764246600000,2025-11-27 14:30:00,1.78,1.783,1.777,1.778,7381.5
1764247500000,2025-11-27 14:45:00,1.778,1.78,1.774,1.777,21420.7
1764248400000,2025-11-27 15:00:00,1.777,1.787,1.777,1.784,14865.0
1764249300000,2025-11-27 15:15:00,1.784,1.79,1.778,1.789,25896.4
1764250200000,2025-11-27 15:30:00,1.789,1.794,1.782,1.79,38725.5
1764251100000,2025-11-27 15:45:00,1.79,1.797,1.789,1.789,8588.3
1764252000000,2025-11-27 16:00:00,1.789,1.791,1.783,1.791,10341.6
1764252900000,2025-11-27 16:15:00,1.791,1.796,1.782,1.794,91091.7
1764253800000,2025-11-27 16:30:00,1.794,1.796,1.787,1.791,24710.9
1764254700000,2025-11-27 16:45:00,1.791,1.791,1.783,1.787,20676.3
1764255600000,2025-11-27 17:00:00,1.787,1.796,1.781,1.781,31767.0
1764256500000,2025-11-27 17:15:00,1.781,1.789,1.781,1.789,13162.8
1764257400000,2025-11-27 17:30:00,1.789,1.792,1.786,1.789,10430.3
1764258300000,2025-11-27 17:45:00,1.789,1.808,1.789,1.801,81021.4
1764259200000,2025-11-27 18:00:00,1.801,1.812,1.794,1.809,40242.0
1764260100000,2025-11-27 18:15:00,1.809,1.815,1.804,1.806,31612.4
1764261000000,2025-11-27 18:30:00,1.806,1.817,1.804,1.812,55533.6
1764261900000,2025-11-27 18:45:00,1.812,1.814,1.807,1.812,15303.3
1764262800000,2025-11-27 19:00:00,1.812,1.815,1.808,1.813,14881.4
1764263700000,2025-11-27 19:15:00,1.813,1.817,1.81,1.81,21249.2
1764264600000,2025-11-27 19:30:00,1.81,1.812,1.803,1.806,16686.9
1764265500000,2025-11-27 19:45:00,1.806,1.816,1.806,1.814,20980.4
1764266400000,2025-11-27 20:00:00,1.814,1.814,1.808,1.81,11795.9
1764267300000,2025-11-27 20:15:00,1.81,1.813,1.806,1.809,6618.0
1764268200000,2025-11-27 20:30:00,1.809,1.83,1.808,1.828,17090.9
1764269100000,2025-11-27 20:45:00,1.828,1.835,1.823,1.833,38242.6
1764270000000,2025-11-27 21:00:00,1.833,1.836,1.829,1.832,37037.9
1764270900000,2025-11-27 21:15:00,1.832,1.835,1.827,1.828,12250.3
1764271800000,2025-11-27 21:30:00,1.828,1.832,1.825,1.83,14286.3
1764272700000,2025-11-27 21:45:00,1.83,1.833,1.825,1.826,8536.2
1764273600000,2025-11-27 22:00:00,1.826,1.835,1.824,1.834,18819.9
1764274500000,2025-11-27 22:15:00,1.834,1.834,1.829,1.832,6407.2
1764275400000,2025-11-27 22:30:00,1.832,1.839,1.827,1.834,23540.2
1764276300000,2025-11-27 22:45:00,1.834,1.839,1.833,1.835,27552.7
1764277200000,2025-11-27 23:00:00,1.835,1.836,1.83,1.833,14561.9
1764278100000,2025-11-27 23:15:00,1.833,1.844,1.832,1.836,10156.8
1764279000000,2025-11-27 23:30:00,1.836,1.838,1.827,1.829,8014.8
1764279900000,2025-11-27 23:45:00,1.829,1.831,1.819,1.821,14552.2
1764280800000,2025-11-28 00:00:00,1.821,1.823,1.814,1.819,19496.5
1764281700000,2025-11-28 00:15:00,1.819,1.82,1.813,1.814,7782.5
1764282600000,2025-11-28 00:30:00,1.814,1.816,1.797,1.799,32622.7
1764283500000,2025-11-28 00:45:00,1.799,1.802,1.791,1.797,27040.5
1764284400000,2025-11-28 01:00:00,1.797,1.802,1.787,1.792,23426.9
1764285300000,2025-11-28 01:15:00,1.792,1.799,1.79,1.792,11270.1
1764286200000,2025-11-28 01:30:00,1.792,1.794,1.783,1.791,56266.3
1764287100000,2025-11-28 01:45:00,1.791,1.795,1.787,1.795,8253.3
1764288000000,2025-11-28 02:00:00,1.795,1.801,1.792,1.795,24343.3
1764288900000,2025-11-28 02:15:00,1.795,1.801,1.79,1.799,18287.0
1764289800000,2025-11-28 02:30:00,1.799,1.81,1.799,1.805,253064.1
1764290700000,2025-11-28 02:45:00,1.805,1.807,1.8,1.805,97416.2
1764291600000,2025-11-28 03:00:00,1.805,1.805,1.774,1.776,296833.4
1764292500000,2025-11-28 03:15:00,1.776,1.781,1.767,1.772,182531.4
1764293400000,2025-11-28 03:30:00,1.772,1.778,1.759,1.768,289133.2
1764294300000,2025-11-28 03:45:00,1.768,1.773,1.752,1.756,122144.0
1764295200000,2025-11-28 04:00:00,1.756,1.758,1.748,1.757,52818.7
1764296100000,2025-11-28 04:15:00,1.757,1.761,1.744,1.754,43186.7
1764297000000,2025-11-28 04:30:00,1.754,1.762,1.754,1.759,28045.4
1764297900000,2025-11-28 04:45:00,1.759,1.774,1.759,1.773,37680.6
1764298800000,2025-11-28 05:00:00,1.773,1.776,1.766,1.771,16388.8
1764299700000,2025-11-28 05:15:00,1.771,1.775,1.768,1.772,15162.1
1764300600000,2025-11-28 05:30:00,1.772,1.777,1.77,1.776,8978.6
1764301500000,2025-11-28 05:45:00,1.776,1.779,1.775,1.777,9497.8
1764302400000,2025-11-28 06:00:00,1.777,1.782,1.775,1.781,10308.7
1764303300000,2025-11-28 06:15:00,1.781,1.781,1.775,1.777,16054.3
1764304200000,2025-11-28 06:30:00,1.777,1.782,1.773,1.773,29525.2
1764305100000,2025-11-28 06:45:00,1.773,1.779,1.77,1.775,15992.5
1764306000000,2025-11-28 07:00:00,1.775,1.784,1.77,1.778,15755.1
1764306900000,2025-11-28 07:15:00,1.778,1.778,1.771,1.775,28737.7
1764307800000,2025-11-28 07:30:00,1.775,1.778,1.772,1.777,40309.0
1764308700000,2025-11-28 07:45:00,1.777,1.784,1.777,1.782,38433.8
1764309600000,2025-11-28 08:00:00,1.782,1.782,1.775,1.775,6306.3
1764310500000,2025-11-28 08:15:00,1.775,1.776,1.771,1.771,6347.6
1764311400000,2025-11-28 08:30:00,1.771,1.777,1.769,1.776,5875.6
1764312300000,2025-11-28 08:45:00,1.776,1.78,1.775,1.775,4383.9
1764313200000,2025-11-28 09:00:00,1.775,1.782,1.774,1.778,9443.3
1764314100000,2025-11-28 09:15:00,1.778,1.786,1.776,1.784,13126.1
1764315000000,2025-11-28 09:30:00,1.784,1.785,1.779,1.781,13017.9
1764315900000,2025-11-28 09:45:00,1.781,1.781,1.775,1.777,11540.3
1764316800000,2025-11-28 10:00:00,1.777,1.801,1.777,1.8,35741.6
1764317700000,2025-11-28 10:15:00,1.8,1.814,1.795,1.807,46699.9
1764318600000,2025-11-28 10:30:00,1.807,1.81,1.802,1.807,32598.5
1764319500000,2025-11-28 10:45:00,1.807,1.837,1.805,1.833,108814.3
1764320400000,2025-11-28 11:00:00,1.833,1.837,1.823,1.828,29693.7
1764321300000,2025-11-28 11:15:00,1.828,1.828,1.817,1.82,66692.4
1764322200000,2025-11-28 11:30:00,1.82,1.821,1.811,1.814,35323.5
1764323100000,2025-11-28 11:45:00,1.814,1.817,1.812,1.815,20130.7
1764324000000,2025-11-28 12:00:00,1.815,1.819,1.813,1.813,17684.0
1764324900000,2025-11-28 12:15:00,1.813,1.817,1.81,1.815,9220.2
1764325800000,2025-11-28 12:30:00,1.815,1.82,1.814,1.816,9374.9
1764326700000,2025-11-28 12:45:00,1.816,1.826,1.815,1.822,43945.7
1764327600000,2025-11-28 13:00:00,1.822,1.822,1.802,1.802,55657.3
1764328500000,2025-11-28 13:15:00,1.802,1.803,1.788,1.801,41891.8
1764329400000,2025-11-28 13:30:00,1.801,1.805,1.798,1.798,17887.4
1764330300000,2025-11-28 13:45:00,1.798,1.808,1.797,1.806,13054.2
1764331200000,2025-11-28 14:00:00,1.806,1.811,1.804,1.805,7402.6
1764332100000,2025-11-28 14:15:00,1.805,1.811,1.801,1.809,21162.7
1764333000000,2025-11-28 14:30:00,1.809,1.812,1.806,1.806,14308.0
1764333900000,2025-11-28 14:45:00,1.806,1.81,1.806,1.807,5569.4
1764334800000,2025-11-28 15:00:00,1.807,1.81,1.8,1.809,17067.2
1764335700000,2025-11-28 15:15:00,1.809,1.814,1.808,1.813,13805.9
1764336600000,2025-11-28 15:30:00,1.813,1.828,1.813,1.827,31606.5
1764337500000,2025-11-28 15:45:00,1.827,1.848,1.827,1.845,127519.1
1764338400000,2025-11-28 16:00:00,1.845,1.85,1.843,1.844,43439.8
1764339300000,2025-11-28 16:15:00,1.844,1.863,1.843,1.854,85274.9
1764340200000,2025-11-28 16:30:00,1.854,1.859,1.837,1.842,150329.6
1764341100000,2025-11-28 16:45:00,1.842,1.85,1.832,1.85,73994.5
1764342000000,2025-11-28 17:00:00,1.85,1.859,1.844,1.852,102769.5
1764342900000,2025-11-28 17:15:00,1.852,1.887,1.852,1.881,230917.1
1764343800000,2025-11-28 17:30:00,1.881,1.882,1.863,1.868,133590.3
1764344700000,2025-11-28 17:45:00,1.868,1.87,1.85,1.861,64545.7
1764345600000,2025-11-28 18:00:00,1.861,1.862,1.844,1.847,48555.5
1764346500000,2025-11-28 18:15:00,1.847,1.848,1.813,1.817,174798.1
1764347400000,2025-11-28 18:30:00,1.817,1.829,1.807,1.827,99340.7
1764348300000,2025-11-28 18:45:00,1.827,1.834,1.81,1.811,57215.8
1764349200000,2025-11-28 19:00:00,1.811,1.813,1.794,1.795,166498.6
1764350100000,2025-11-28 19:15:00,1.795,1.801,1.79,1.795,65743.5
1764351000000,2025-11-28 19:30:00,1.795,1.798,1.786,1.789,47477.4
1764351900000,2025-11-28 19:45:00,1.789,1.808,1.788,1.799,104476.3
1764352800000,2025-11-28 20:00:00,1.799,1.804,1.782,1.801,53797.1
1764353700000,2025-11-28 20:15:00,1.801,1.803,1.79,1.797,46597.5
1764354600000,2025-11-28 20:30:00,1.797,1.801,1.789,1.797,23015.9
1764355500000,2025-11-28 20:45:00,1.797,1.806,1.791,1.799,34264.7
1764356400000,2025-11-28 21:00:00,1.799,1.803,1.797,1.8,15970.5
1764357300000,2025-11-28 21:15:00,1.8,1.813,1.798,1.811,31195.3
1764358200000,2025-11-28 21:30:00,1.811,1.818,1.807,1.81,16795.7
1764359100000,2025-11-28 21:45:00,1.81,1.813,1.805,1.811,20985.6
1764360000000,2025-11-28 22:00:00,1.811,1.811,1.796,1.799,16728.5
1764360900000,2025-11-28 22:15:00,1.799,1.809,1.796,1.808,31197.3
1764361800000,2025-11-28 22:30:00,1.808,1.812,1.804,1.804,11931.6
1764362700000,2025-11-28 22:45:00,1.804,1.81,1.799,1.807,23381.7
1764363600000,2025-11-28 23:00:00,1.807,1.809,1.799,1.801,23523.1
1764364500000,2025-11-28 23:15:00,1.801,1.801,1.793,1.798,14422.0
1764365400000,2025-11-28 23:30:00,1.798,1.802,1.796,1.802,5108.2
1764366300000,2025-11-28 23:45:00,1.802,1.802,1.787,1.787,55717.7
1764367200000,2025-11-29 00:00:00,1.787,1.791,1.78,1.784,102908.9
1764368100000,2025-11-29 00:15:00,1.784,1.787,1.776,1.782,27059.1
1764369000000,2025-11-29 00:30:00,1.782,1.794,1.782,1.789,9750.0
1764369900000,2025-11-29 00:45:00,1.789,1.8,1.789,1.798,47454.2
1764370800000,2025-11-29 01:00:00,1.798,1.802,1.795,1.796,8360.8
1764371700000,2025-11-29 01:15:00,1.796,1.797,1.792,1.792,28122.7
1764372600000,2025-11-29 01:30:00,1.792,1.795,1.789,1.793,9509.8
1764373500000,2025-11-29 01:45:00,1.793,1.794,1.792,1.793,2925.4
1764374400000,2025-11-29 02:00:00,1.793,1.795,1.784,1.786,23782.9
1764375300000,2025-11-29 02:15:00,1.786,1.789,1.78,1.782,15488.0
1764376200000,2025-11-29 02:30:00,1.782,1.79,1.778,1.786,9858.3
1764377100000,2025-11-29 02:45:00,1.786,1.789,1.785,1.788,9560.3
1764378000000,2025-11-29 03:00:00,1.788,1.795,1.788,1.795,6314.2
1764378900000,2025-11-29 03:15:00,1.795,1.801,1.791,1.792,6914.5
1764379800000,2025-11-29 03:30:00,1.792,1.793,1.785,1.788,3128.5
1764380700000,2025-11-29 03:45:00,1.788,1.793,1.788,1.792,8803.6
1764381600000,2025-11-29 04:00:00,1.792,1.794,1.79,1.793,5890.3
1764382500000,2025-11-29 04:15:00,1.793,1.795,1.789,1.789,5441.3
1764383400000,2025-11-29 04:30:00,1.789,1.79,1.781,1.788,15793.2
1764384300000,2025-11-29 04:45:00,1.788,1.793,1.784,1.792,7636.3
1764385200000,2025-11-29 05:00:00,1.792,1.797,1.79,1.797,6675.9
1764386100000,2025-11-29 05:15:00,1.797,1.797,1.789,1.789,4641.4
1764387000000,2025-11-29 05:30:00,1.789,1.789,1.784,1.785,10540.8
1764387900000,2025-11-29 05:45:00,1.785,1.786,1.782,1.783,5962.1
1764388800000,2025-11-29 06:00:00,1.783,1.787,1.782,1.783,3933.0
1764389700000,2025-11-29 06:15:00,1.783,1.789,1.78,1.788,8701.4
1764390600000,2025-11-29 06:30:00,1.788,1.791,1.785,1.785,10861.4
1764391500000,2025-11-29 06:45:00,1.785,1.798,1.785,1.796,13384.2
1764392400000,2025-11-29 07:00:00,1.796,1.796,1.788,1.788,3363.5
1764393300000,2025-11-29 07:15:00,1.788,1.801,1.788,1.795,42367.4
1764394200000,2025-11-29 07:30:00,1.795,1.799,1.794,1.797,14452.0
1764395100000,2025-11-29 07:45:00,1.797,1.797,1.788,1.788,6471.9
1764396000000,2025-11-29 08:00:00,1.788,1.795,1.786,1.792,13801.5
1764396900000,2025-11-29 08:15:00,1.792,1.793,1.772,1.777,124346.6
1764397800000,2025-11-29 08:30:00,1.777,1.779,1.766,1.776,80177.5
1764398700000,2025-11-29 08:45:00,1.776,1.778,1.773,1.775,9280.7
1764399600000,2025-11-29 09:00:00,1.775,1.781,1.772,1.779,22267.1
1764400500000,2025-11-29 09:15:00,1.779,1.788,1.779,1.78,10486.4
1764401400000,2025-11-29 09:30:00,1.78,1.781,1.776,1.777,9431.3
1764402300000,2025-11-29 09:45:00,1.777,1.78,1.775,1.776,6670.3
1764403200000,2025-11-29 10:00:00,1.776,1.779,1.773,1.778,10049.4
1764404100000,2025-11-29 10:15:00,1.778,1.782,1.774,1.774,15532.7
1764405000000,2025-11-29 10:30:00,1.774,1.777,1.771,1.771,9248.4
1764405900000,2025-11-29 10:45:00,1.771,1.772,1.768,1.77,9900.6
1764406800000,2025-11-29 11:00:00,1.77,1.775,1.77,1.773,10212.4
1764407700000,2025-11-29 11:15:00,1.773,1.776,1.765,1.766,15961.8
1764408600000,2025-11-29 11:30:00,1.766,1.767,1.76,1.767,58910.1
1764409500000,2025-11-29 11:45:00,1.767,1.77,1.766,1.768,5506.7
1764410400000,2025-11-29 12:00:00,1.768,1.773,1.765,1.769,17575.0
1764411300000,2025-11-29 12:15:00,1.769,1.774,1.759,1.773,54902.6
1764412200000,2025-11-29 12:30:00,1.773,1.777,1.772,1.775,7087.0
1764413100000,2025-11-29 12:45:00,1.775,1.778,1.774,1.775,8408.1
1764414000000,2025-11-29 13:00:00,1.775,1.784,1.772,1.783,29947.7
1764414900000,2025-11-29 13:15:00,1.783,1.785,1.779,1.783,30728.0
1764415800000,2025-11-29 13:30:00,1.783,1.791,1.78,1.789,56351.3
1764416700000,2025-11-29 13:45:00,1.789,1.791,1.786,1.789,14205.9
1764417600000,2025-11-29 14:00:00,1.789,1.79,1.78,1.781,24123.0
1764418500000,2025-11-29 14:15:00,1.781,1.781,1.777,1.777,15605.8
1764419400000,2025-11-29 14:30:00,1.777,1.781,1.776,1.779,13906.0
1764420300000,2025-11-29 14:45:00,1.779,1.781,1.775,1.775,6672.8
1764421200000,2025-11-29 15:00:00,1.775,1.78,1.773,1.776,9261.8
1764422100000,2025-11-29 15:15:00,1.776,1.782,1.775,1.78,10585.1
1764423000000,2025-11-29 15:30:00,1.78,1.782,1.774,1.776,9262.8
1764423900000,2025-11-29 15:45:00,1.776,1.779,1.772,1.774,14752.4
1764424800000,2025-11-29 16:00:00,1.774,1.774,1.761,1.767,48189.3
1764425700000,2025-11-29 16:15:00,1.767,1.77,1.764,1.767,25162.4
1764426600000,2025-11-29 16:30:00,1.767,1.768,1.763,1.767,6342.8
1764427500000,2025-11-29 16:45:00,1.767,1.771,1.764,1.765,3016.8
1764428400000,2025-11-29 17:00:00,1.765,1.769,1.765,1.767,6839.5
1764429300000,2025-11-29 17:15:00,1.767,1.786,1.767,1.777,23366.5
1764430200000,2025-11-29 17:30:00,1.777,1.78,1.775,1.776,7690.3
1764431100000,2025-11-29 17:45:00,1.776,1.782,1.775,1.781,6458.0
1764432000000,2025-11-29 18:00:00,1.781,1.781,1.774,1.774,17010.6
1764432900000,2025-11-29 18:15:00,1.774,1.784,1.771,1.772,28429.8
1764433800000,2025-11-29 18:30:00,1.772,1.774,1.769,1.773,25860.7
1764434700000,2025-11-29 18:45:00,1.773,1.776,1.77,1.774,14802.7
1764435600000,2025-11-29 19:00:00,1.774,1.775,1.763,1.765,19767.4
1764436500000,2025-11-29 19:15:00,1.765,1.771,1.764,1.765,18403.5
1764437400000,2025-11-29 19:30:00,1.765,1.765,1.749,1.76,75349.8
1764438300000,2025-11-29 19:45:00,1.76,1.761,1.752,1.753,8856.7
1764439200000,2025-11-29 20:00:00,1.753,1.758,1.745,1.753,38727.0
1764440100000,2025-11-29 20:15:00,1.753,1.758,1.748,1.752,23081.4
1764441000000,2025-11-29 20:30:00,1.752,1.762,1.747,1.76,28156.5
1764441900000,2025-11-29 20:45:00,1.76,1.761,1.755,1.758,18503.1
1764442800000,2025-11-29 21:00:00,1.758,1.764,1.756,1.762,6702.0
1764443700000,2025-11-29 21:15:00,1.762,1.764,1.761,1.763,6482.3
1764444600000,2025-11-29 21:30:00,1.763,1.764,1.757,1.759,24183.5
1764445500000,2025-11-29 21:45:00,1.759,1.76,1.755,1.755,6161.7
1764446400000,2025-11-29 22:00:00,1.755,1.757,1.75,1.75,7876.4
1764447300000,2025-11-29 22:15:00,1.75,1.754,1.748,1.751,3433.8
1764448200000,2025-11-29 22:30:00,1.751,1.757,1.751,1.754,2400.5
1764449100000,2025-11-29 22:45:00,1.754,1.767,1.754,1.766,11283.7
1764450000000,2025-11-29 23:00:00,1.766,1.766,1.759,1.76,16155.8
1764450900000,2025-11-29 23:15:00,1.76,1.767,1.76,1.766,19608.2
1764451800000,2025-11-29 23:30:00,1.766,1.773,1.766,1.772,26901.0
1764452700000,2025-11-29 23:45:00,1.772,1.775,1.77,1.77,11218.1
1764453600000,2025-11-30 00:00:00,1.77,1.77,1.76,1.76,10986.6
1764454500000,2025-11-30 00:15:00,1.76,1.764,1.759,1.759,11701.7
1764455400000,2025-11-30 00:30:00,1.759,1.769,1.759,1.765,13107.1
1764456300000,2025-11-30 00:45:00,1.765,1.767,1.761,1.761,1612.0
1764457200000,2025-11-30 01:00:00,1.761,1.762,1.756,1.757,5260.6
1764458100000,2025-11-30 01:15:00,1.757,1.768,1.755,1.763,4004.9
1764459000000,2025-11-30 01:30:00,1.763,1.765,1.76,1.762,12095.9
1764459900000,2025-11-30 01:45:00,1.762,1.764,1.759,1.76,6870.6
1764460800000,2025-11-30 02:00:00,1.76,1.765,1.759,1.764,6163.2
1764461700000,2025-11-30 02:15:00,1.764,1.77,1.764,1.766,13668.7
1764462600000,2025-11-30 02:30:00,1.766,1.767,1.762,1.764,8456.8
1764463500000,2025-11-30 02:45:00,1.764,1.765,1.761,1.763,4622.0
1764464400000,2025-11-30 03:00:00,1.763,1.773,1.761,1.772,7660.2
1764465300000,2025-11-30 03:15:00,1.772,1.775,1.762,1.765,45384.2
1764466200000,2025-11-30 03:30:00,1.765,1.773,1.765,1.769,12702.7
1764467100000,2025-11-30 03:45:00,1.769,1.772,1.766,1.77,13585.7
1764468000000,2025-11-30 04:00:00,1.77,1.779,1.77,1.777,10439.3
1764468900000,2025-11-30 04:15:00,1.777,1.778,1.775,1.777,5728.5
1764469800000,2025-11-30 04:30:00,1.777,1.777,1.766,1.766,4575.1
1764470700000,2025-11-30 04:45:00,1.766,1.767,1.755,1.755,20017.1
1764471600000,2025-11-30 05:00:00,1.755,1.758,1.749,1.75,8651.6
1764472500000,2025-11-30 05:15:00,1.75,1.753,1.738,1.746,57072.0
1764473400000,2025-11-30 05:30:00,1.746,1.761,1.745,1.761,10675.1
1764474300000,2025-11-30 05:45:00,1.761,1.765,1.759,1.764,7650.7
1764475200000,2025-11-30 06:00:00,1.764,1.768,1.761,1.767,11293.9
1764476100000,2025-11-30 06:15:00,1.767,1.768,1.759,1.76,10265.8
1764477000000,2025-11-30 06:30:00,1.76,1.761,1.753,1.753,14935.8
1764477900000,2025-11-30 06:45:00,1.753,1.757,1.751,1.756,8124.9
1764478800000,2025-11-30 07:00:00,1.756,1.756,1.746,1.748,8811.7
1764479700000,2025-11-30 07:15:00,1.748,1.75,1.74,1.742,26871.3
1764480600000,2025-11-30 07:30:00,1.742,1.75,1.74,1.746,6680.9
1764481500000,2025-11-30 07:45:00,1.746,1.749,1.745,1.745,7140.5
1764482400000,2025-11-30 08:00:00,1.745,1.749,1.743,1.745,7518.2
1764483300000,2025-11-30 08:15:00,1.745,1.755,1.742,1.754,5037.9
1764484200000,2025-11-30 08:30:00,1.754,1.76,1.754,1.759,8083.0
1764485100000,2025-11-30 08:45:00,1.759,1.76,1.755,1.758,5886.4
1764486000000,2025-11-30 09:00:00,1.758,1.767,1.757,1.765,31800.1
1764486900000,2025-11-30 09:15:00,1.765,1.766,1.76,1.763,6452.2
1764487800000,2025-11-30 09:30:00,1.763,1.765,1.759,1.762,4357.6
1764488700000,2025-11-30 09:45:00,1.762,1.767,1.76,1.763,6232.3
1764489600000,2025-11-30 10:00:00,1.763,1.764,1.759,1.761,8748.2
1764490500000,2025-11-30 10:15:00,1.761,1.776,1.756,1.76,29686.9
1764491400000,2025-11-30 10:30:00,1.76,1.765,1.755,1.763,18550.6
1764492300000,2025-11-30 10:45:00,1.763,1.766,1.758,1.76,16936.0
1764493200000,2025-11-30 11:00:00,1.76,1.771,1.757,1.764,17215.8
1764494100000,2025-11-30 11:15:00,1.764,1.767,1.76,1.765,8380.9
1764495000000,2025-11-30 11:30:00,1.765,1.771,1.762,1.771,5537.9
1764495900000,2025-11-30 11:45:00,1.771,1.771,1.76,1.765,11803.3
1764496800000,2025-11-30 12:00:00,1.765,1.768,1.759,1.762,10525.8
1764497700000,2025-11-30 12:15:00,1.762,1.768,1.762,1.768,9896.6
1764498600000,2025-11-30 12:30:00,1.768,1.77,1.761,1.763,6519.8
1764499500000,2025-11-30 12:45:00,1.763,1.764,1.758,1.76,5626.3
1764500400000,2025-11-30 13:00:00,1.76,1.768,1.757,1.76,26930.5
1764501300000,2025-11-30 13:15:00,1.76,1.762,1.753,1.757,26183.6
1764502200000,2025-11-30 13:30:00,1.757,1.759,1.751,1.757,44568.3
1764503100000,2025-11-30 13:45:00,1.757,1.757,1.744,1.748,178998.3
1764504000000,2025-11-30 14:00:00,1.748,1.756,1.74,1.754,36004.8
1764504900000,2025-11-30 14:15:00,1.754,1.76,1.754,1.756,31114.2
1764505800000,2025-11-30 14:30:00,1.756,1.767,1.752,1.767,28491.0
1764506700000,2025-11-30 14:45:00,1.767,1.775,1.762,1.767,57914.7
1764507600000,2025-11-30 15:00:00,1.767,1.77,1.765,1.769,13285.9
1764508500000,2025-11-30 15:15:00,1.769,1.788,1.769,1.787,170093.1
1764509400000,2025-11-30 15:30:00,1.787,1.792,1.779,1.782,205291.3
1764510300000,2025-11-30 15:45:00,1.782,1.787,1.777,1.783,75768.5
1764511200000,2025-11-30 16:00:00,1.783,1.788,1.779,1.781,32210.0
1764512100000,2025-11-30 16:15:00,1.781,1.782,1.775,1.777,22439.0
1764513000000,2025-11-30 16:30:00,1.777,1.778,1.762,1.763,28268.8
1764513900000,2025-11-30 16:45:00,1.763,1.768,1.762,1.768,11740.5
1764514800000,2025-11-30 17:00:00,1.768,1.769,1.754,1.757,18991.1
1764515700000,2025-11-30 17:15:00,1.757,1.765,1.752,1.764,11108.3
1764516600000,2025-11-30 17:30:00,1.764,1.764,1.755,1.761,14042.5
1764517500000,2025-11-30 17:45:00,1.761,1.769,1.76,1.766,19983.7
1764518400000,2025-11-30 18:00:00,1.766,1.772,1.765,1.771,12780.2
1764519300000,2025-11-30 18:15:00,1.771,1.782,1.77,1.78,20429.4
1764520200000,2025-11-30 18:30:00,1.78,1.78,1.773,1.775,7546.2
1764521100000,2025-11-30 18:45:00,1.775,1.781,1.775,1.779,11652.5
1764522000000,2025-11-30 19:00:00,1.779,1.779,1.766,1.768,22393.7
1764522900000,2025-11-30 19:15:00,1.768,1.772,1.762,1.763,47493.1
1764523800000,2025-11-30 19:30:00,1.763,1.777,1.762,1.773,44295.5
1764524700000,2025-11-30 19:45:00,1.773,1.775,1.77,1.771,10609.4
1764525600000,2025-11-30 20:00:00,1.771,1.772,1.766,1.768,12014.2
1764526500000,2025-11-30 20:15:00,1.768,1.777,1.768,1.775,15111.7
1764527400000,2025-11-30 20:30:00,1.775,1.777,1.77,1.771,10087.8
1764528300000,2025-11-30 20:45:00,1.771,1.777,1.771,1.771,21355.0
1764529200000,2025-11-30 21:00:00,1.771,1.774,1.769,1.769,22113.9
1764530100000,2025-11-30 21:15:00,1.769,1.769,1.762,1.763,10621.4
1764531000000,2025-11-30 21:30:00,1.763,1.768,1.759,1.766,15931.3
1764531900000,2025-11-30 21:45:00,1.766,1.768,1.76,1.766,34825.6
1764532800000,2025-11-30 22:00:00,1.766,1.775,1.765,1.775,14161.8
1764533700000,2025-11-30 22:15:00,1.775,1.776,1.763,1.764,13714.9
1764534600000,2025-11-30 22:30:00,1.764,1.764,1.757,1.758,15750.7
1764535500000,2025-11-30 22:45:00,1.758,1.763,1.758,1.762,8064.1
1764536400000,2025-11-30 23:00:00,1.762,1.766,1.754,1.759,22844.4
1764537300000,2025-11-30 23:15:00,1.759,1.761,1.75,1.757,13949.5
1764538200000,2025-11-30 23:30:00,1.757,1.762,1.756,1.758,5076.8
1764539100000,2025-11-30 23:45:00,1.758,1.76,1.756,1.758,7486.4
1764540000000,2025-12-01 00:00:00,1.758,1.768,1.757,1.766,25584.9
1764540900000,2025-12-01 00:15:00,1.766,1.766,1.759,1.76,13584.6
1764541800000,2025-12-01 00:30:00,1.76,1.76,1.75,1.753,4158.1
1764542700000,2025-12-01 00:45:00,1.753,1.76,1.748,1.759,5961.8
1764543600000,2025-12-01 01:00:00,1.759,1.759,1.744,1.746,18693.1
1764544500000,2025-12-01 01:15:00,1.746,1.746,1.725,1.73,108686.5
1764545400000,2025-12-01 01:30:00,1.73,1.731,1.725,1.73,46764.0
1764546300000,2025-12-01 01:45:00,1.73,1.731,1.705,1.708,172241.9
1764547200000,2025-12-01 02:00:00,1.708,1.715,1.645,1.654,752906.6
1764548100000,2025-12-01 02:15:00,1.654,1.657,1.628,1.629,207417.2
1764549000000,2025-12-01 02:30:00,1.629,1.635,1.605,1.61,244323.4
1764549900000,2025-12-01 02:45:00,1.61,1.614,1.587,1.592,159713.0
1764550800000,2025-12-01 03:00:00,1.592,1.62,1.586,1.606,193270.1
1764551700000,2025-12-01 03:15:00,1.606,1.619,1.604,1.607,69187.7
1764552600000,2025-12-01 03:30:00,1.607,1.618,1.606,1.607,29455.9
1764553500000,2025-12-01 03:45:00,1.607,1.609,1.601,1.602,34536.5
1764554400000,2025-12-01 04:00:00,1.602,1.618,1.601,1.608,133353.0
1764555300000,2025-12-01 04:15:00,1.608,1.61,1.605,1.607,34944.8
1764556200000,2025-12-01 04:30:00,1.607,1.619,1.605,1.618,198453.2
1764557100000,2025-12-01 04:45:00,1.618,1.619,1.606,1.606,25279.9
1764558000000,2025-12-01 05:00:00,1.606,1.607,1.594,1.599,77662.5
1764558900000,2025-12-01 05:15:00,1.599,1.601,1.593,1.593,37273.0
1764559800000,2025-12-01 05:30:00,1.593,1.594,1.578,1.589,203214.3
1764560700000,2025-12-01 05:45:00,1.589,1.59,1.58,1.582,69445.3
1764561600000,2025-12-01 06:00:00,1.582,1.587,1.578,1.581,42079.2
1764562500000,2025-12-01 06:15:00,1.581,1.588,1.573,1.574,49670.5
1764563400000,2025-12-01 06:30:00,1.574,1.584,1.574,1.58,38711.6
1764564300000,2025-12-01 06:45:00,1.58,1.58,1.574,1.579,22992.1
1764565200000,2025-12-01 07:00:00,1.579,1.593,1.579,1.587,27544.3
1764566100000,2025-12-01 07:15:00,1.587,1.598,1.582,1.596,37510.7
1764567000000,2025-12-01 07:30:00,1.596,1.596,1.582,1.585,20400.8
1764567900000,2025-12-01 07:45:00,1.585,1.59,1.585,1.588,18701.2
1764568800000,2025-12-01 08:00:00,1.588,1.595,1.586,1.59,20162.4
1764569700000,2025-12-01 08:15:00,1.59,1.591,1.584,1.586,12389.7
1764570600000,2025-12-01 08:30:00,1.586,1.589,1.584,1.589,14590.7
1764571500000,2025-12-01 08:45:00,1.589,1.595,1.588,1.593,46693.7
1764572400000,2025-12-01 09:00:00,1.593,1.594,1.585,1.589,47352.9
1764573300000,2025-12-01 09:15:00,1.589,1.591,1.585,1.59,19827.5
1764574200000,2025-12-01 09:30:00,1.59,1.596,1.587,1.593,15338.2
1764575100000,2025-12-01 09:45:00,1.593,1.598,1.591,1.597,14017.0
1764576000000,2025-12-01 10:00:00,1.597,1.607,1.594,1.597,53186.1
1764576900000,2025-12-01 10:15:00,1.597,1.602,1.596,1.601,10440.8
1764577800000,2025-12-01 10:30:00,1.601,1.606,1.595,1.605,12485.1
1764578700000,2025-12-01 10:45:00,1.605,1.605,1.6,1.603,16710.3
1764579600000,2025-12-01 11:00:00,1.603,1.61,1.597,1.597,25333.4
1764580500000,2025-12-01 11:15:00,1.597,1.602,1.592,1.595,112025.3
1764581400000,2025-12-01 11:30:00,1.595,1.601,1.593,1.601,13443.1
1764582300000,2025-12-01 11:45:00,1.601,1.601,1.593,1.595,31656.9
1764583200000,2025-12-01 12:00:00,1.595,1.604,1.595,1.598,31505.3
1764584100000,2025-12-01 12:15:00,1.598,1.602,1.598,1.6,13972.6
1764585000000,2025-12-01 12:30:00,1.6,1.603,1.597,1.597,7790.3
1764585900000,2025-12-01 12:45:00,1.597,1.597,1.591,1.594,4534.5
1764586800000,2025-12-01 13:00:00,1.594,1.594,1.58,1.581,13977.5
1764587700000,2025-12-01 13:15:00,1.581,1.586,1.58,1.581,30428.1
1764588600000,2025-12-01 13:30:00,1.581,1.582,1.568,1.572,52999.3
1764589500000,2025-12-01 13:45:00,1.572,1.575,1.569,1.572,13776.3
1764590400000,2025-12-01 14:00:00,1.572,1.577,1.57,1.573,45324.7
1764591300000,2025-12-01 14:15:00,1.573,1.576,1.568,1.569,17473.2
1764592200000,2025-12-01 14:30:00,1.569,1.57,1.553,1.558,55236.7
1764593100000,2025-12-01 14:45:00,1.558,1.576,1.543,1.574,195335.0
1764594000000,2025-12-01 15:00:00,1.574,1.585,1.569,1.577,71432.7
1764594900000,2025-12-01 15:15:00,1.577,1.578,1.569,1.57,42947.5
1764595800000,2025-12-01 15:30:00,1.57,1.572,1.562,1.564,20620.3
1764596700000,2025-12-01 15:45:00,1.564,1.572,1.563,1.568,16021.9
1764597600000,2025-12-01 16:00:00,1.568,1.574,1.565,1.568,76604.8
1764598500000,2025-12-01 16:15:00,1.568,1.572,1.563,1.572,22942.1
1764599400000,2025-12-01 16:30:00,1.572,1.589,1.564,1.571,102232.9
1764600300000,2025-12-01 16:45:00,1.571,1.579,1.568,1.571,82295.1
1764601200000,2025-12-01 17:00:00,1.571,1.573,1.562,1.562,48080.2
1764602100000,2025-12-01 17:15:00,1.562,1.567,1.546,1.547,96246.3
1764603000000,2025-12-01 17:30:00,1.547,1.549,1.528,1.529,207770.5
1764603900000,2025-12-01 17:45:00,1.529,1.564,1.527,1.553,72466.9
1764604800000,2025-12-01 18:00:00,1.553,1.553,1.535,1.536,47293.6
1764605700000,2025-12-01 18:15:00,1.536,1.543,1.533,1.534,28575.0
1764606600000,2025-12-01 18:30:00,1.534,1.544,1.527,1.534,76684.3
1764607500000,2025-12-01 18:45:00,1.534,1.534,1.52,1.525,53404.3
1764608400000,2025-12-01 19:00:00,1.525,1.537,1.525,1.529,22269.0
1764609300000,2025-12-01 19:15:00,1.529,1.53,1.524,1.527,23704.6
1764610200000,2025-12-01 19:30:00,1.527,1.527,1.516,1.525,18767.3
1764611100000,2025-12-01 19:45:00,1.525,1.53,1.517,1.517,16067.3
1764612000000,2025-12-01 20:00:00,1.517,1.535,1.515,1.533,26014.4
1764612900000,2025-12-01 20:15:00,1.533,1.535,1.524,1.526,28790.5
1764613800000,2025-12-01 20:30:00,1.526,1.53,1.518,1.519,23060.9
1764614700000,2025-12-01 20:45:00,1.519,1.533,1.519,1.532,19302.6
1764615600000,2025-12-01 21:00:00,1.532,1.532,1.52,1.529,32610.7
1764616500000,2025-12-01 21:15:00,1.529,1.529,1.514,1.517,14348.1
1764617400000,2025-12-01 21:30:00,1.517,1.525,1.515,1.519,14094.6
1764618300000,2025-12-01 21:45:00,1.519,1.524,1.515,1.522,46466.4
1764619200000,2025-12-01 22:00:00,1.522,1.549,1.522,1.541,103761.5
1764620100000,2025-12-01 22:15:00,1.541,1.541,1.53,1.531,34896.8
1764621000000,2025-12-01 22:30:00,1.531,1.536,1.528,1.536,26909.3
1764621900000,2025-12-01 22:45:00,1.536,1.541,1.534,1.537,26043.4
1764622800000,2025-12-01 23:00:00,1.537,1.546,1.533,1.533,60288.3
1764623700000,2025-12-01 23:15:00,1.533,1.559,1.533,1.552,39032.0
1764624600000,2025-12-01 23:30:00,1.552,1.564,1.552,1.56,77649.2
1764625500000,2025-12-01 23:45:00,1.56,1.561,1.547,1.553,107485.1
1764626400000,2025-12-02 00:00:00,1.553,1.565,1.551,1.557,58995.2
1764627300000,2025-12-02 00:15:00,1.557,1.572,1.556,1.563,111014.3
1764628200000,2025-12-02 00:30:00,1.563,1.565,1.557,1.563,35729.3
1764629100000,2025-12-02 00:45:00,1.563,1.571,1.561,1.561,24609.8
1764630000000,2025-12-02 01:00:00,1.561,1.571,1.561,1.564,20668.5
1764630900000,2025-12-02 01:15:00,1.564,1.577,1.564,1.577,7446.0
1764631800000,2025-12-02 01:30:00,1.577,1.579,1.571,1.573,36474.5
1764632700000,2025-12-02 01:45:00,1.573,1.575,1.562,1.563,162653.3
1764633600000,2025-12-02 02:00:00,1.563,1.574,1.563,1.565,28660.5
1764634500000,2025-12-02 02:15:00,1.565,1.57,1.563,1.566,17273.3
1764635400000,2025-12-02 02:30:00,1.566,1.575,1.566,1.572,17162.8
1764636300000,2025-12-02 02:45:00,1.572,1.581,1.569,1.573,22500.0
1764637200000,2025-12-02 03:00:00,1.573,1.599,1.572,1.58,78090.5
1764638100000,2025-12-02 03:15:00,1.58,1.582,1.572,1.572,17030.7
1764639000000,2025-12-02 03:30:00,1.572,1.577,1.571,1.571,29426.7
1764639900000,2025-12-02 03:45:00,1.571,1.573,1.568,1.568,33410.3
1764640800000,2025-12-02 04:00:00,1.568,1.573,1.564,1.571,28819.0
1764641700000,2025-12-02 04:15:00,1.571,1.581,1.571,1.576,38921.2
1764642600000,2025-12-02 04:30:00,1.576,1.579,1.573,1.576,10968.0
1764643500000,2025-12-02 04:45:00,1.576,1.577,1.567,1.567,8951.5
1764644400000,2025-12-02 05:00:00,1.567,1.57,1.565,1.569,7035.7
1764645300000,2025-12-02 05:15:00,1.569,1.569,1.553,1.556,20610.5
1764646200000,2025-12-02 05:30:00,1.556,1.573,1.552,1.573,9737.0
1764647100000,2025-12-02 05:45:00,1.573,1.578,1.569,1.574,8923.1
1764648000000,2025-12-02 06:00:00,1.574,1.581,1.574,1.581,8605.7
1764648900000,2025-12-02 06:15:00,1.581,1.582,1.577,1.58,12004.3
1764649800000,2025-12-02 06:30:00,1.58,1.58,1.576,1.579,5241.3
1764650700000,2025-12-02 06:45:00,1.579,1.582,1.575,1.576,8942.3
1764651600000,2025-12-02 07:00:00,1.576,1.581,1.574,1.578,16863.7
1764652500000,2025-12-02 07:15:00,1.578,1.583,1.577,1.58,6627.5
1764653400000,2025-12-02 07:30:00,1.58,1.583,1.578,1.58,5267.3
1764654300000,2025-12-02 07:45:00,1.58,1.587,1.58,1.583,3714.9
1764655200000,2025-12-02 08:00:00,1.583,1.584,1.577,1.581,13173.1
1764656100000,2025-12-02 08:15:00,1.581,1.585,1.58,1.584,11869.3
1764657000000,2025-12-02 08:30:00,1.584,1.593,1.584,1.589,35085.6
1764657900000,2025-12-02 08:45:00,1.589,1.595,1.589,1.593,10512.8
1764658800000,2025-12-02 09:00:00,1.593,1.594,1.585,1.59,9906.2
1764659700000,2025-12-02 09:15:00,1.59,1.591,1.587,1.588,4720.8
1764660600000,2025-12-02 09:30:00,1.588,1.588,1.582,1.584,20599.7
1764661500000,2025-12-02 09:45:00,1.584,1.585,1.58,1.585,11776.7
1764662400000,2025-12-02 10:00:00,1.585,1.586,1.572,1.574,18300.7
1764663300000,2025-12-02 10:15:00,1.574,1.575,1.565,1.566,17368.6
1764664200000,2025-12-02 10:30:00,1.566,1.57,1.56,1.565,39927.1
1764665100000,2025-12-02 10:45:00,1.565,1.573,1.559,1.564,29888.7
1764666000000,2025-12-02 11:00:00,1.564,1.575,1.561,1.567,23123.8
1764666900000,2025-12-02 11:15:00,1.567,1.572,1.564,1.569,7237.2
1764667800000,2025-12-02 11:30:00,1.569,1.569,1.561,1.561,17637.6
1764668700000,2025-12-02 11:45:00,1.561,1.567,1.56,1.562,19603.6
1764669600000,2025-12-02 12:00:00,1.562,1.57,1.562,1.566,8328.0
1764670500000,2025-12-02 12:15:00,1.566,1.57,1.561,1.561,8841.7
1764671400000,2025-12-02 12:30:00,1.561,1.57,1.561,1.57,8885.6
1764672300000,2025-12-02 12:45:00,1.57,1.587,1.57,1.577,48070.3
1764673200000,2025-12-02 13:00:00,1.577,1.581,1.573,1.581,82018.4
1764674100000,2025-12-02 13:15:00,1.581,1.586,1.577,1.586,19385.7
1764675000000,2025-12-02 13:30:00,1.586,1.589,1.583,1.586,17228.0
1764675900000,2025-12-02 13:45:00,1.586,1.593,1.586,1.589,11545.1
1764676800000,2025-12-02 14:00:00,1.589,1.6,1.588,1.597,48889.9
1764677700000,2025-12-02 14:15:00,1.597,1.597,1.59,1.59,8728.5
1764678600000,2025-12-02 14:30:00,1.59,1.594,1.586,1.591,22041.3
1764679500000,2025-12-02 14:45:00,1.591,1.597,1.589,1.597,15757.8
1764680400000,2025-12-02 15:00:00,1.597,1.605,1.593,1.604,23078.2
1764681300000,2025-12-02 15:15:00,1.604,1.615,1.604,1.612,54858.2
1764682200000,2025-12-02 15:30:00,1.612,1.615,1.608,1.614,32513.3
1764683100000,2025-12-02 15:45:00,1.614,1.617,1.61,1.612,19357.3
1764684000000,2025-12-02 16:00:00,1.612,1.627,1.611,1.624,159713.3
1764684900000,2025-12-02 16:15:00,1.624,1.643,1.623,1.64,71406.8
1764685800000,2025-12-02 16:30:00,1.64,1.66,1.633,1.658,142453.9
1764686700000,2025-12-02 16:45:00,1.658,1.674,1.658,1.666,244212.1
1764687600000,2025-12-02 17:00:00,1.666,1.717,1.666,1.712,363767.5
1764688500000,2025-12-02 17:15:00,1.712,1.735,1.704,1.711,490051.9
1764689400000,2025-12-02 17:30:00,1.711,1.765,1.711,1.756,194599.8
1764690300000,2025-12-02 17:45:00,1.756,1.765,1.75,1.757,161236.1
1764691200000,2025-12-02 18:00:00,1.757,1.768,1.744,1.745,131877.4
1764692100000,2025-12-02 18:15:00,1.745,1.745,1.718,1.721,108773.0
1764693000000,2025-12-02 18:30:00,1.721,1.736,1.719,1.724,81804.1
1764693900000,2025-12-02 18:45:00,1.724,1.739,1.718,1.731,63163.7
1764694800000,2025-12-02 19:00:00,1.731,1.738,1.724,1.727,78169.5
1764695700000,2025-12-02 19:15:00,1.727,1.747,1.725,1.742,50141.5
1764696600000,2025-12-02 19:30:00,1.742,1.747,1.735,1.738,38834.3
1764697500000,2025-12-02 19:45:00,1.738,1.739,1.726,1.726,15793.9
1764698400000,2025-12-02 20:00:00,1.726,1.736,1.726,1.731,55794.5
1764699300000,2025-12-02 20:15:00,1.731,1.737,1.724,1.726,23378.8
1764700200000,2025-12-02 20:30:00,1.726,1.732,1.721,1.723,27843.2
1764701100000,2025-12-02 20:45:00,1.723,1.725,1.721,1.725,9523.7
1764702000000,2025-12-02 21:00:00,1.725,1.727,1.72,1.72,63284.2
1764702900000,2025-12-02 21:15:00,1.72,1.722,1.715,1.72,20438.7
1764703800000,2025-12-02 21:30:00,1.72,1.731,1.72,1.728,18259.0
1764704700000,2025-12-02 21:45:00,1.728,1.728,1.721,1.723,26435.4
1764705600000,2025-12-02 22:00:00,1.723,1.725,1.716,1.719,48284.0
1764706500000,2025-12-02 22:15:00,1.719,1.72,1.701,1.702,105532.4
1764707400000,2025-12-02 22:30:00,1.702,1.71,1.693,1.7,74605.3
1764708300000,2025-12-02 22:45:00,1.7,1.706,1.693,1.703,44967.2
1764709200000,2025-12-02 23:00:00,1.703,1.705,1.699,1.705,13742.8
1764710100000,2025-12-02 23:15:00,1.705,1.706,1.696,1.699,15091.2
1764711000000,2025-12-02 23:30:00,1.699,1.703,1.698,1.701,11484.3
1764711900000,2025-12-02 23:45:00,1.701,1.703,1.698,1.703,7127.8
1764712800000,2025-12-03 00:00:00,1.703,1.714,1.702,1.711,34156.1
1764713700000,2025-12-03 00:15:00,1.711,1.712,1.709,1.711,10402.0
1764714600000,2025-12-03 00:30:00,1.711,1.725,1.71,1.718,21596.9
1764715500000,2025-12-03 00:45:00,1.718,1.72,1.714,1.72,10305.6
1764716400000,2025-12-03 01:00:00,1.72,1.722,1.719,1.72,17605.1
1764717300000,2025-12-03 01:15:00,1.72,1.721,1.713,1.713,16621.8
1764718200000,2025-12-03 01:30:00,1.713,1.716,1.707,1.708,13165.8
1764719100000,2025-12-03 01:45:00,1.708,1.711,1.706,1.707,15657.9
1764720000000,2025-12-03 02:00:00,1.707,1.714,1.701,1.703,35256.1
1764720900000,2025-12-03 02:15:00,1.703,1.71,1.703,1.705,23878.3
1764721800000,2025-12-03 02:30:00,1.705,1.71,1.699,1.71,15942.2
1764722700000,2025-12-03 02:45:00,1.71,1.714,1.706,1.707,6752.2
1764723600000,2025-12-03 03:00:00,1.707,1.714,1.706,1.71,30051.6
1764724500000,2025-12-03 03:15:00,1.71,1.715,1.708,1.713,12823.5
1764725400000,2025-12-03 03:30:00,1.713,1.716,1.712,1.714,39857.2
1764726300000,2025-12-03 03:45:00,1.714,1.727,1.714,1.72,24402.6
1764727200000,2025-12-03 04:00:00,1.72,1.736,1.717,1.735,68349.8
1764728100000,2025-12-03 04:15:00,1.735,1.743,1.728,1.74,32690.3
1764729000000,2025-12-03 04:30:00,1.74,1.74,1.729,1.732,34340.7
1764729900000,2025-12-03 04:45:00,1.732,1.732,1.725,1.727,30028.8
1764730800000,2025-12-03 05:00:00,1.727,1.739,1.725,1.732,12619.6
1764731700000,2025-12-03 05:15:00,1.732,1.746,1.732,1.746,18838.8
1764732600000,2025-12-03 05:30:00,1.746,1.749,1.744,1.747,44212.8
1764733500000,2025-12-03 05:45:00,1.747,1.748,1.737,1.738,49157.5
1764734400000,2025-12-03 06:00:00,1.738,1.74,1.731,1.738,33693.4
1764735300000,2025-12-03 06:15:00,1.738,1.755,1.737,1.743,43715.0
1764736200000,2025-12-03 06:30:00,1.743,1.752,1.74,1.752,41890.4
1764737100000,2025-12-03 06:45:00,1.752,1.767,1.748,1.764,53978.9
1764738000000,2025-12-03 07:00:00,1.764,1.775,1.762,1.772,27664.0
1764738900000,2025-12-03 07:15:00,1.772,1.772,1.765,1.771,30760.8
1764739800000,2025-12-03 07:30:00,1.771,1.772,1.766,1.768,8429.4
1764740700000,2025-12-03 07:45:00,1.768,1.771,1.763,1.764,25565.9
1764741600000,2025-12-03 08:00:00,1.764,1.778,1.762,1.763,39301.5
1764742500000,2025-12-03 08:15:00,1.763,1.772,1.763,1.765,10947.6
1764743400000,2025-12-03 08:30:00,1.765,1.765,1.747,1.748,89961.2
1764744300000,2025-12-03 08:45:00,1.748,1.749,1.742,1.748,62797.8
1764745200000,2025-12-03 09:00:00,1.748,1.748,1.738,1.741,34418.0
1764746100000,2025-12-03 09:15:00,1.741,1.744,1.738,1.742,10755.0
1764747000000,2025-12-03 09:30:00,1.742,1.747,1.739,1.743,17944.2
1764747900000,2025-12-03 09:45:00,1.743,1.748,1.739,1.746,40054.8
1764748800000,2025-12-03 10:00:00,1.746,1.752,1.746,1.75,26076.0
1764749700000,2025-12-03 10:15:00,1.75,1.75,1.742,1.747,17263.7
1764750600000,2025-12-03 10:30:00,1.747,1.751,1.747,1.751,2680.2
1764751500000,2025-12-03 10:45:00,1.751,1.758,1.75,1.752,14703.9
1764752400000,2025-12-03 11:00:00,1.752,1.754,1.748,1.752,8724.2
1764753300000,2025-12-03 11:15:00,1.752,1.753,1.741,1.743,8026.4
1764754200000,2025-12-03 11:30:00,1.743,1.744,1.735,1.74,36666.6
1764755100000,2025-12-03 11:45:00,1.74,1.75,1.74,1.748,47003.0
1764756000000,2025-12-03 12:00:00,1.748,1.748,1.745,1.745,4602.7
1764756900000,2025-12-03 12:15:00,1.745,1.75,1.743,1.747,32776.6
1764757800000,2025-12-03 12:30:00,1.747,1.747,1.733,1.736,40768.0
1764758700000,2025-12-03 12:45:00,1.736,1.738,1.731,1.732,17695.4
1764759600000,2025-12-03 13:00:00,1.732,1.739,1.73,1.731,18444.0
1764760500000,2025-12-03 13:15:00,1.731,1.74,1.728,1.74,21522.6
1764761400000,2025-12-03 13:30:00,1.74,1.74,1.736,1.737,12752.2
1764762300000,2025-12-03 13:45:00,1.737,1.743,1.737,1.742,7448.2
1764763200000,2025-12-03 14:00:00,1.742,1.746,1.738,1.74,32436.7
1764764100000,2025-12-03 14:15:00,1.74,1.742,1.734,1.735,24247.5
1764765000000,2025-12-03 14:30:00,1.735,1.737,1.731,1.733,21054.9
1764765900000,2025-12-03 14:45:00,1.733,1.741,1.732,1.739,11333.7
1764766800000,2025-12-03 15:00:00,1.739,1.745,1.738,1.745,17004.7
1764767700000,2025-12-03 15:15:00,1.745,1.75,1.744,1.746,31318.7
1764768600000,2025-12-03 15:30:00,1.746,1.746,1.74,1.742,27376.0
1764769500000,2025-12-03 15:45:00,1.742,1.744,1.738,1.74,6814.1
1764770400000,2025-12-03 16:00:00,1.74,1.741,1.691,1.715,397214.2
1764771300000,2025-12-03 16:15:00,1.715,1.726,1.713,1.724,55661.8
1764772200000,2025-12-03 16:30:00,1.724,1.762,1.71,1.754,246742.6
1764773100000,2025-12-03 16:45:00,1.754,1.754,1.728,1.728,266228.1
1764774000000,2025-12-03 17:00:00,1.728,1.746,1.724,1.728,175931.1
1764774900000,2025-12-03 17:15:00,1.728,1.742,1.726,1.736,31564.2
1764775800000,2025-12-03 17:30:00,1.736,1.748,1.734,1.745,34321.3
1764776700000,2025-12-03 17:45:00,1.745,1.749,1.742,1.747,20726.0
1764777600000,2025-12-03 18:00:00,1.747,1.75,1.729,1.73,44643.0
1764778500000,2025-12-03 18:15:00,1.73,1.738,1.728,1.733,24295.4
1764779400000,2025-12-03 18:30:00,1.733,1.752,1.733,1.75,26300.1
1764780300000,2025-12-03 18:45:00,1.75,1.75,1.737,1.74,18475.4
1764781200000,2025-12-03 19:00:00,1.74,1.752,1.739,1.747,63697.4
1764782100000,2025-12-03 19:15:00,1.747,1.749,1.737,1.744,23345.2
1764783000000,2025-12-03 19:30:00,1.744,1.757,1.744,1.753,23706.0
1764783900000,2025-12-03 19:45:00,1.753,1.759,1.751,1.756,6478.5
1764784800000,2025-12-03 20:00:00,1.756,1.766,1.753,1.763,42233.5
1764785700000,2025-12-03 20:15:00,1.763,1.763,1.751,1.754,16360.6
1764786600000,2025-12-03 20:30:00,1.754,1.756,1.75,1.751,13732.5
1764787500000,2025-12-03 20:45:00,1.751,1.751,1.736,1.74,25846.7
1764788400000,2025-12-03 21:00:00,1.74,1.744,1.739,1.74,46899.3
1764789300000,2025-12-03 21:15:00,1.74,1.744,1.739,1.743,3191.7
1764790200000,2025-12-03 21:30:00,1.743,1.743,1.737,1.74,5681.1
1764791100000,2025-12-03 21:45:00,1.74,1.742,1.738,1.739,6276.4
1764792000000,2025-12-03 22:00:00,1.739,1.74,1.732,1.733,12827.8
1764792900000,2025-12-03 22:15:00,1.733,1.736,1.727,1.73,11931.2
1764793800000,2025-12-03 22:30:00,1.73,1.734,1.727,1.73,45173.6
1764794700000,2025-12-03 22:45:00,1.73,1.741,1.721,1.725,50454.3
1764795600000,2025-12-03 23:00:00,1.725,1.731,1.721,1.728,32404.3
1764796500000,2025-12-03 23:15:00,1.728,1.731,1.725,1.726,13662.7
1764797400000,2025-12-03 23:30:00,1.726,1.733,1.725,1.733,20876.5
1764798300000,2025-12-03 23:45:00,1.733,1.753,1.728,1.749,57284.1
1764799200000,2025-12-04 00:00:00,1.749,1.754,1.735,1.744,113518.4
1764800100000,2025-12-04 00:15:00,1.744,1.744,1.734,1.737,28605.7
1764801000000,2025-12-04 00:30:00,1.737,1.748,1.732,1.742,137313.6
1764801900000,2025-12-04 00:45:00,1.742,1.763,1.742,1.759,86628.2
1764802800000,2025-12-04 01:00:00,1.759,1.77,1.757,1.762,61300.6
1764803700000,2025-12-04 01:15:00,1.762,1.762,1.755,1.755,17311.1
1764804600000,2025-12-04 01:30:00,1.755,1.756,1.748,1.755,36426.1
1764805500000,2025-12-04 01:45:00,1.755,1.758,1.753,1.755,14409.2
1764806400000,2025-12-04 02:00:00,1.755,1.766,1.751,1.753,102639.2
1764807300000,2025-12-04 02:15:00,1.753,1.761,1.751,1.754,29182.5
1764808200000,2025-12-04 02:30:00,1.754,1.761,1.748,1.759,45178.1
1764809100000,2025-12-04 02:45:00,1.759,1.766,1.755,1.762,19926.3
1764810000000,2025-12-04 03:00:00,1.762,1.783,1.757,1.781,39803.1
1764810900000,2025-12-04 03:15:00,1.781,1.783,1.764,1.768,47390.0
1764811800000,2025-12-04 03:30:00,1.768,1.771,1.766,1.771,9828.4
1764812700000,2025-12-04 03:45:00,1.771,1.771,1.755,1.755,27242.8
1764813600000,2025-12-04 04:00:00,1.755,1.768,1.755,1.768,36084.8
1764814500000,2025-12-04 04:15:00,1.768,1.778,1.767,1.773,20755.0
1764815400000,2025-12-04 04:30:00,1.773,1.778,1.771,1.774,14592.0
1764816300000,2025-12-04 04:45:00,1.774,1.776,1.77,1.772,10569.9
1764817200000,2025-12-04 05:00:00,1.772,1.774,1.765,1.768,8642.8
1764818100000,2025-12-04 05:15:00,1.768,1.768,1.761,1.763,6635.5
1764819000000,2025-12-04 05:30:00,1.763,1.763,1.759,1.759,16483.6
1764819900000,2025-12-04 05:45:00,1.759,1.762,1.758,1.759,13667.0
1764820800000,2025-12-04 06:00:00,1.759,1.764,1.759,1.759,9048.6
1764821700000,2025-12-04 06:15:00,1.759,1.759,1.752,1.755,8283.2
1764822600000,2025-12-04 06:30:00,1.755,1.756,1.749,1.749,6153.2
1764823500000,2025-12-04 06:45:00,1.749,1.758,1.748,1.758,5038.3
1764824400000,2025-12-04 07:00:00,1.758,1.764,1.754,1.758,12872.9
1764825300000,2025-12-04 07:15:00,1.758,1.762,1.752,1.76,11208.6
1764826200000,2025-12-04 07:30:00,1.76,1.761,1.753,1.753,16420.0
1764827100000,2025-12-04 07:45:00,1.753,1.754,1.746,1.753,22186.5
1764828000000,2025-12-04 08:00:00,1.753,1.756,1.752,1.754,5532.6
1764828900000,2025-12-04 08:15:00,1.754,1.759,1.753,1.758,15079.1
1764829800000,2025-12-04 08:30:00,1.758,1.766,1.758,1.763,24656.0
1764830700000,2025-12-04 08:45:00,1.763,1.764,1.758,1.761,27537.1
1764831600000,2025-12-04 09:00:00,1.761,1.761,1.745,1.75,23026.2
1764832500000,2025-12-04 09:15:00,1.75,1.755,1.747,1.753,23491.6
1764833400000,2025-12-04 09:30:00,1.753,1.759,1.753,1.759,15518.7
1764834300000,2025-12-04 09:45:00,1.759,1.761,1.756,1.757,5957.8
1764835200000,2025-12-04 10:00:00,1.757,1.76,1.746,1.747,13594.4
1764836100000,2025-12-04 10:15:00,1.747,1.762,1.746,1.759,23799.4
1764837000000,2025-12-04 10:30:00,1.759,1.776,1.755,1.771,34133.5
1764837900000,2025-12-04 10:45:00,1.771,1.773,1.768,1.772,22839.9
1764838800000,2025-12-04 11:00:00,1.772,1.788,1.771,1.782,63231.2
1764839700000,2025-12-04 11:15:00,1.782,1.782,1.773,1.776,12110.2
1764840600000,2025-12-04 11:30:00,1.776,1.786,1.776,1.783,12531.9
1764841500000,2025-12-04 11:45:00,1.783,1.785,1.778,1.778,25122.3
1764842400000,2025-12-04 12:00:00,1.778,1.79,1.778,1.784,22149.2
1764843300000,2025-12-04 12:15:00,1.784,1.784,1.779,1.783,19560.9
1764844200000,2025-12-04 12:30:00,1.783,1.785,1.78,1.782,9810.0
1764845100000,2025-12-04 12:45:00,1.782,1.784,1.774,1.779,11885.7
1764846000000,2025-12-04 13:00:00,1.779,1.779,1.77,1.777,22349.2
1764846900000,2025-12-04 13:15:00,1.777,1.778,1.77,1.773,19676.2
1764847800000,2025-12-04 13:30:00,1.773,1.779,1.768,1.77,19119.4
1764848700000,2025-12-04 13:45:00,1.77,1.776,1.767,1.77,24171.9
1764849600000,2025-12-04 14:00:00,1.77,1.784,1.769,1.772,52203.1
1764850500000,2025-12-04 14:15:00,1.772,1.773,1.758,1.759,18167.3
1764851400000,2025-12-04 14:30:00,1.759,1.769,1.759,1.766,17270.1
1764852300000,2025-12-04 14:45:00,1.766,1.771,1.763,1.764,16920.5
1764853200000,2025-12-04 15:00:00,1.764,1.769,1.75,1.751,46672.0
1764854100000,2025-12-04 15:15:00,1.751,1.763,1.751,1.76,19839.1
1764855000000,2025-12-04 15:30:00,1.76,1.762,1.751,1.751,26084.7
1764855900000,2025-12-04 15:45:00,1.751,1.752,1.74,1.747,66021.3
1764856800000,2025-12-04 16:00:00,1.747,1.755,1.742,1.75,30778.1
1764857700000,2025-12-04 16:15:00,1.75,1.759,1.749,1.757,18669.0
1764858600000,2025-12-04 16:30:00,1.757,1.757,1.738,1.745,106812.9
1764859500000,2025-12-04 16:45:00,1.745,1.748,1.727,1.732,63972.1
1764860400000,2025-12-04 17:00:00,1.732,1.755,1.73,1.754,56674.1
1764861300000,2025-12-04 17:15:00,1.754,1.756,1.738,1.746,55384.8
1764862200000,2025-12-04 17:30:00,1.746,1.777,1.743,1.767,60630.0
1764863100000,2025-12-04 17:45:00,1.767,1.769,1.754,1.765,82025.3
1764864000000,2025-12-04 18:00:00,1.765,1.765,1.749,1.758,40171.8
1764864900000,2025-12-04 18:15:00,1.758,1.778,1.756,1.765,32480.6
1764865800000,2025-12-04 18:30:00,1.765,1.766,1.749,1.752,61988.4
1764866700000,2025-12-04 18:45:00,1.752,1.758,1.746,1.751,47417.5
1764867600000,2025-12-04 19:00:00,1.751,1.752,1.742,1.746,18972.7
1764868500000,2025-12-04 19:15:00,1.746,1.748,1.737,1.738,13271.9
1764869400000,2025-12-04 19:30:00,1.738,1.741,1.724,1.729,55234.9
1764870300000,2025-12-04 19:45:00,1.729,1.742,1.725,1.74,34302.3
1764871200000,2025-12-04 20:00:00,1.74,1.743,1.734,1.74,47340.4
1764872100000,2025-12-04 20:15:00,1.74,1.743,1.731,1.74,12664.8
1764873000000,2025-12-04 20:30:00,1.74,1.74,1.717,1.718,91946.6
1764873900000,2025-12-04 20:45:00,1.718,1.723,1.712,1.716,35801.9
1764874800000,2025-12-04 21:00:00,1.716,1.717,1.693,1.694,124560.7
1764875700000,2025-12-04 21:15:00,1.694,1.699,1.677,1.696,209172.8
1764876600000,2025-12-04 21:30:00,1.696,1.721,1.694,1.719,67493.1
1764877500000,2025-12-04 21:45:00,1.719,1.729,1.716,1.723,36752.7
1764878400000,2025-12-04 22:00:00,1.723,1.726,1.709,1.714,30241.5
1764879300000,2025-12-04 22:15:00,1.714,1.72,1.711,1.711,43498.2
1764880200000,2025-12-04 22:30:00,1.711,1.72,1.711,1.72,19849.5
1764881100000,2025-12-04 22:45:00,1.72,1.734,1.718,1.728,27689.3
1764882000000,2025-12-04 23:00:00,1.728,1.729,1.721,1.721,14238.5
1764882900000,2025-12-04 23:15:00,1.721,1.726,1.717,1.717,11759.1
1764883800000,2025-12-04 23:30:00,1.717,1.721,1.714,1.714,7918.6
1764884700000,2025-12-04 23:45:00,1.714,1.714,1.704,1.705,12928.7
1764885600000,2025-12-05 00:00:00,1.705,1.714,1.705,1.709,20274.2
1764886500000,2025-12-05 00:15:00,1.709,1.713,1.709,1.713,11857.1
1764887400000,2025-12-05 00:30:00,1.713,1.722,1.713,1.72,11016.3
1764888300000,2025-12-05 00:45:00,1.72,1.723,1.717,1.718,2303.5
1764889200000,2025-12-05 01:00:00,1.718,1.718,1.711,1.714,13047.3
1764890100000,2025-12-05 01:15:00,1.714,1.717,1.713,1.715,4096.1
1764891000000,2025-12-05 01:30:00,1.715,1.718,1.708,1.71,6109.3
1764891900000,2025-12-05 01:45:00,1.71,1.712,1.708,1.709,11024.2
1764892800000,2025-12-05 02:00:00,1.709,1.72,1.709,1.711,20359.1
1764893700000,2025-12-05 02:15:00,1.711,1.727,1.708,1.717,44275.8
1764894600000,2025-12-05 02:30:00,1.717,1.719,1.714,1.718,5603.1
1764895500000,2025-12-05 02:45:00,1.718,1.718,1.709,1.71,8652.2
1764896400000,2025-12-05 03:00:00,1.71,1.718,1.706,1.708,7195.3
1764897300000,2025-12-05 03:15:00,1.708,1.722,1.708,1.716,24233.4
1764898200000,2025-12-05 03:30:00,1.716,1.718,1.713,1.715,6641.1
1764899100000,2025-12-05 03:45:00,1.715,1.721,1.712,1.713,3982.6
1764900000000,2025-12-05 04:00:00,1.713,1.714,1.706,1.713,24446.9
1764900900000,2025-12-05 04:15:00,1.713,1.718,1.713,1.716,14333.1
1764901800000,2025-12-05 04:30:00,1.716,1.722,1.714,1.718,7259.7
1764902700000,2025-12-05 04:45:00,1.718,1.718,1.701,1.702,91352.2
1764903600000,2025-12-05 05:00:00,1.702,1.706,1.701,1.702,18377.3
1764904500000,2025-12-05 05:15:00,1.702,1.703,1.689,1.691,44042.2
1764905400000,2025-12-05 05:30:00,1.691,1.695,1.686,1.687,14059.7
1764906300000,2025-12-05 05:45:00,1.687,1.694,1.686,1.689,23570.2
1764907200000,2025-12-05 06:00:00,1.689,1.693,1.688,1.691,11785.1
1764908100000,2025-12-05 06:15:00,1.691,1.692,1.685,1.685,6506.3
1764909000000,2025-12-05 06:30:00,1.685,1.685,1.669,1.672,127130.6
1764909900000,2025-12-05 06:45:00,1.672,1.681,1.665,1.678,65164.0
1764910800000,2025-12-05 07:00:00,1.678,1.685,1.676,1.683,20989.0
1764911700000,2025-12-05 07:15:00,1.683,1.685,1.676,1.679,14118.2
1764912600000,2025-12-05 07:30:00,1.679,1.68,1.676,1.677,12537.8
1764913500000,2025-12-05 07:45:00,1.677,1.679,1.676,1.678,7834.1
1764914400000,2025-12-05 08:00:00,1.678,1.687,1.678,1.685,40316.0
1764915300000,2025-12-05 08:15:00,1.685,1.686,1.681,1.684,5107.3
1764916200000,2025-12-05 08:30:00,1.684,1.693,1.679,1.69,21714.6
1764917100000,2025-12-05 08:45:00,1.69,1.69,1.685,1.686,14850.8
1764918000000,2025-12-05 09:00:00,1.686,1.699,1.683,1.691,23108.0
1764918900000,2025-12-05 09:15:00,1.691,1.693,1.689,1.69,8342.0
1764919800000,2025-12-05 09:30:00,1.69,1.692,1.683,1.683,3640.7
1764920700000,2025-12-05 09:45:00,1.683,1.689,1.681,1.688,5642.5
1764921600000,2025-12-05 10:00:00,1.688,1.689,1.679,1.683,16037.8
1764922500000,2025-12-05 10:15:00,1.683,1.686,1.679,1.683,11401.4
1764923400000,2025-12-05 10:30:00,1.683,1.683,1.669,1.674,35295.4
1764924300000,2025-12-05 10:45:00,1.674,1.675,1.672,1.672,10357.9
1764925200000,2025-12-05 11:00:00,1.672,1.673,1.666,1.668,24849.2
1764926100000,2025-12-05 11:15:00,1.668,1.668,1.649,1.651,109801.8
1764927000000,2025-12-05 11:30:00,1.651,1.653,1.645,1.649,43371.9
1764927900000,2025-12-05 11:45:00,1.649,1.651,1.644,1.647,16439.5
1764928800000,2025-12-05 12:00:00,1.647,1.657,1.643,1.654,37335.3
1764929700000,2025-12-05 12:15:00,1.654,1.663,1.653,1.659,44497.0
1764930600000,2025-12-05 12:30:00,1.659,1.661,1.654,1.657,27529.0
1764931500000,2025-12-05 12:45:00,1.657,1.657,1.651,1.653,8495.9
1764932400000,2025-12-05 13:00:00,1.653,1.656,1.652,1.656,26574.1
1764933300000,2025-12-05 13:15:00,1.656,1.656,1.644,1.652,31603.4
1764934200000,2025-12-05 13:30:00,1.652,1.652,1.64,1.645,23295.9
1764935100000,2025-12-05 13:45:00,1.645,1.654,1.644,1.649,41487.9
1764936000000,2025-12-05 14:00:00,1.649,1.65,1.643,1.644,25303.3
1764936900000,2025-12-05 14:15:00,1.644,1.648,1.644,1.645,10484.6
1764937800000,2025-12-05 14:30:00,1.645,1.649,1.642,1.644,24876.1
1764938700000,2025-12-05 14:45:00,1.644,1.646,1.641,1.645,12087.5
1764939600000,2025-12-05 15:00:00,1.645,1.652,1.639,1.644,17441.9
1764940500000,2025-12-05 15:15:00,1.644,1.645,1.639,1.642,13633.0
1764941400000,2025-12-05 15:30:00,1.642,1.645,1.635,1.639,54583.5
1764942300000,2025-12-05 15:45:00,1.639,1.649,1.635,1.64,90370.4
1764943200000,2025-12-05 16:00:00,1.64,1.646,1.637,1.64,82740.4
1764944100000,2025-12-05 16:15:00,1.64,1.642,1.638,1.64,20668.1
1764945000000,2025-12-05 16:30:00,1.64,1.649,1.633,1.638,34695.8
1764945900000,2025-12-05 16:45:00,1.638,1.643,1.632,1.636,42054.4
1764946800000,2025-12-05 17:00:00,1.636,1.68,1.636,1.666,223849.0
1764947700000,2025-12-05 17:15:00,1.666,1.67,1.66,1.665,31002.7
1764948600000,2025-12-05 17:30:00,1.665,1.678,1.665,1.67,27254.2
1764949500000,2025-12-05 17:45:00,1.67,1.67,1.648,1.653,41753.3
1764950400000,2025-12-05 18:00:00,1.653,1.653,1.618,1.632,91752.9
1764951300000,2025-12-05 18:15:00,1.632,1.642,1.623,1.632,54217.0
1764952200000,2025-12-05 18:30:00,1.632,1.632,1.59,1.6,169436.5
1764953100000,2025-12-05 18:45:00,1.6,1.612,1.587,1.605,70502.0
1764954000000,2025-12-05 19:00:00,1.605,1.615,1.602,1.606,37759.3
1764954900000,2025-12-05 19:15:00,1.606,1.615,1.599,1.602,16204.6
1764955800000,2025-12-05 19:30:00,1.602,1.607,1.592,1.598,33027.0
1764956700000,2025-12-05 19:45:00,1.598,1.614,1.596,1.606,36580.3
1764957600000,2025-12-05 20:00:00,1.606,1.621,1.601,1.615,42165.0
1764958500000,2025-12-05 20:15:00,1.615,1.618,1.599,1.602,67337.9
1764959400000,2025-12-05 20:30:00,1.602,1.604,1.589,1.589,14349.2
1764960300000,2025-12-05 20:45:00,1.589,1.593,1.584,1.585,17274.0
1764961200000,2025-12-05 21:00:00,1.585,1.595,1.574,1.594,104959.4
1764962100000,2025-12-05 21:15:00,1.594,1.604,1.591,1.6,22084.5
1764963000000,2025-12-05 21:30:00,1.6,1.608,1.6,1.603,76530.2
1764963900000,2025-12-05 21:45:00,1.603,1.606,1.598,1.598,64625.5
1764964800000,2025-12-05 22:00:00,1.598,1.598,1.589,1.597,11763.6
1764965700000,2025-12-05 22:15:00,1.597,1.602,1.596,1.597,16419.4
1764966600000,2025-12-05 22:30:00,1.597,1.597,1.588,1.589,12086.1
1764967500000,2025-12-05 22:45:00,1.589,1.59,1.584,1.588,11418.3
1764968400000,2025-12-05 23:00:00,1.588,1.597,1.588,1.597,16957.2
1764969300000,2025-12-05 23:15:00,1.597,1.601,1.594,1.595,37244.6
1764970200000,2025-12-05 23:30:00,1.595,1.598,1.59,1.593,39906.6
1764971100000,2025-12-05 23:45:00,1.593,1.597,1.59,1.595,31390.3
1764972000000,2025-12-06 00:00:00,1.595,1.598,1.587,1.587,26959.6
1764972900000,2025-12-06 00:15:00,1.587,1.6,1.587,1.6,6276.3
1764973800000,2025-12-06 00:30:00,1.6,1.603,1.597,1.603,10142.1
1764974700000,2025-12-06 00:45:00,1.603,1.607,1.603,1.603,9460.6
1764975600000,2025-12-06 01:00:00,1.603,1.603,1.59,1.594,11454.5
1764976500000,2025-12-06 01:15:00,1.594,1.605,1.594,1.604,9336.8
1764977400000,2025-12-06 01:30:00,1.604,1.607,1.603,1.604,11517.9
1764978300000,2025-12-06 01:45:00,1.604,1.606,1.602,1.603,6397.6
1764979200000,2025-12-06 02:00:00,1.603,1.607,1.602,1.605,9220.9
1764980100000,2025-12-06 02:15:00,1.605,1.605,1.597,1.599,8124.3
1764981000000,2025-12-06 02:30:00,1.599,1.607,1.599,1.606,6718.2
1764981900000,2025-12-06 02:45:00,1.606,1.606,1.602,1.603,4420.3
1764982800000,2025-12-06 03:00:00,1.603,1.603,1.595,1.601,29553.1
1764983700000,2025-12-06 03:15:00,1.601,1.604,1.597,1.599,3412.8
1764984600000,2025-12-06 03:30:00,1.599,1.599,1.592,1.593,3842.3
1764985500000,2025-12-06 03:45:00,1.593,1.598,1.593,1.593,8669.7
1764986400000,2025-12-06 04:00:00,1.593,1.593,1.587,1.593,21572.1
1764987300000,2025-12-06 04:15:00,1.593,1.598,1.593,1.594,7513.5
1764988200000,2025-12-06 04:30:00,1.594,1.603,1.594,1.601,6592.9
1764989100000,2025-12-06 04:45:00,1.601,1.607,1.601,1.607,14138.8
1764990000000,2025-12-06 05:00:00,1.607,1.62,1.607,1.618,13637.9
1764990900000,2025-12-06 05:15:00,1.618,1.619,1.609,1.61,43782.9
1764991800000,2025-12-06 05:30:00,1.61,1.616,1.61,1.613,7037.8
1764992700000,2025-12-06 05:45:00,1.613,1.613,1.608,1.61,9798.3
1764993600000,2025-12-06 06:00:00,1.61,1.612,1.6,1.601,16155.2
1764994500000,2025-12-06 06:15:00,1.601,1.604,1.594,1.599,19362.5
1764995400000,2025-12-06 06:30:00,1.599,1.601,1.598,1.599,5228.5
1764996300000,2025-12-06 06:45:00,1.599,1.602,1.599,1.602,3830.9
1764997200000,2025-12-06 07:00:00,1.602,1.604,1.601,1.603,1639.1
1764998100000,2025-12-06 07:15:00,1.603,1.604,1.599,1.601,5782.7
1764999000000,2025-12-06 07:30:00,1.601,1.601,1.598,1.6,8048.0
1764999900000,2025-12-06 07:45:00,1.6,1.602,1.599,1.599,8759.5
1765000800000,2025-12-06 08:00:00,1.599,1.603,1.595,1.601,18348.8
1765001700000,2025-12-06 08:15:00,1.601,1.605,1.599,1.604,8309.1
1765002600000,2025-12-06 08:30:00,1.604,1.606,1.599,1.599,5645.3
1765003500000,2025-12-06 08:45:00,1.599,1.6,1.597,1.6,4926.2
1765004400000,2025-12-06 09:00:00,1.6,1.602,1.6,1.601,2446.1
1765005300000,2025-12-06 09:15:00,1.601,1.601,1.595,1.595,6240.4
1765006200000,2025-12-06 09:30:00,1.595,1.6,1.591,1.599,14426.7
1765007100000,2025-12-06 09:45:00,1.599,1.603,1.599,1.601,3664.6
1765008000000,2025-12-06 10:00:00,1.601,1.602,1.598,1.599,5750.8
1765008900000,2025-12-06 10:15:00,1.599,1.601,1.592,1.592,19870.8
1765009800000,2025-12-06 10:30:00,1.592,1.602,1.592,1.601,51307.9
1765010700000,2025-12-06 10:45:00,1.601,1.602,1.589,1.59,15227.5
1765011600000,2025-12-06 11:00:00,1.59,1.602,1.59,1.601,16933.1
1765012500000,2025-12-06 11:15:00,1.601,1.603,1.6,1.603,10407.2
1765013400000,2025-12-06 11:30:00,1.603,1.604,1.598,1.604,28547.5
1765014300000,2025-12-06 11:45:00,1.604,1.605,1.602,1.602,5355.0
1765015200000,2025-12-06 12:00:00,1.602,1.602,1.597,1.6,19303.2
1765016100000,2025-12-06 12:15:00,1.6,1.603,1.591,1.592,23035.8
1765017000000,2025-12-06 12:30:00,1.592,1.593,1.589,1.592,9193.6
1765017900000,2025-12-06 12:45:00,1.592,1.594,1.587,1.592,8680.2
1765018800000,2025-12-06 13:00:00,1.592,1.597,1.588,1.595,10285.4
1765019700000,2025-12-06 13:15:00,1.595,1.598,1.594,1.597,8144.3
1765020600000,2025-12-06 13:30:00,1.597,1.601,1.597,1.6,6705.8
1765021500000,2025-12-06 13:45:00,1.6,1.602,1.597,1.598,7806.3
1765022400000,2025-12-06 14:00:00,1.598,1.602,1.594,1.598,18887.4
1765023300000,2025-12-06 14:15:00,1.598,1.604,1.598,1.6,8091.1
1765024200000,2025-12-06 14:30:00,1.6,1.603,1.598,1.598,14769.1
1765025100000,2025-12-06 14:45:00,1.598,1.598,1.594,1.594,4009.4
1765026000000,2025-12-06 15:00:00,1.594,1.596,1.592,1.594,4988.7
1765026900000,2025-12-06 15:15:00,1.594,1.599,1.594,1.595,11062.5
1765027800000,2025-12-06 15:30:00,1.595,1.605,1.595,1.6,14561.8
1765028700000,2025-12-06 15:45:00,1.6,1.601,1.596,1.597,6449.0
1765029600000,2025-12-06 16:00:00,1.597,1.6,1.595,1.599,4758.0
1765030500000,2025-12-06 16:15:00,1.599,1.618,1.599,1.607,113257.4
1765031400000,2025-12-06 16:30:00,1.607,1.613,1.606,1.61,49653.1
1765032300000,2025-12-06 16:45:00,1.61,1.616,1.609,1.61,22950.1
1765033200000,2025-12-06 17:00:00,1.61,1.61,1.6,1.601,23052.1
1765034100000,2025-12-06 17:15:00,1.601,1.601,1.591,1.597,17733.6
1765035000000,2025-12-06 17:30:00,1.597,1.604,1.596,1.604,14162.5
1765035900000,2025-12-06 17:45:00,1.604,1.605,1.6,1.6,6633.5
1765036800000,2025-12-06 18:00:00,1.6,1.608,1.6,1.605,11012.4
1765037700000,2025-12-06 18:15:00,1.605,1.611,1.605,1.608,5943.8
1765038600000,2025-12-06 18:30:00,1.608,1.613,1.605,1.613,7742.1
1765039500000,2025-12-06 18:45:00,1.613,1.614,1.606,1.608,17852.6
1765040400000,2025-12-06 19:00:00,1.608,1.61,1.604,1.606,10398.2
1765041300000,2025-12-06 19:15:00,1.606,1.612,1.605,1.612,6237.1
1765042200000,2025-12-06 19:30:00,1.612,1.612,1.606,1.607,4227.3
1765043100000,2025-12-06 19:45:00,1.607,1.613,1.607,1.612,3331.7
1765044000000,2025-12-06 20:00:00,1.612,1.617,1.608,1.615,8589.0
1765044900000,2025-12-06 20:15:00,1.615,1.624,1.615,1.623,24629.4
1765045800000,2025-12-06 20:30:00,1.623,1.623,1.615,1.615,11049.4
1765046700000,2025-12-06 20:45:00,1.615,1.616,1.608,1.611,8573.3
1765047600000,2025-12-06 21:00:00,1.611,1.614,1.596,1.604,80941.4
1765048500000,2025-12-06 21:15:00,1.604,1.605,1.596,1.603,73280.9
1765049400000,2025-12-06 21:30:00,1.603,1.603,1.593,1.595,20567.5
1765050300000,2025-12-06 21:45:00,1.595,1.598,1.595,1.598,9370.1
1765051200000,2025-12-06 22:00:00,1.598,1.601,1.596,1.598,36591.0
1765052100000,2025-12-06 22:15:00,1.598,1.601,1.597,1.599,7558.0
1765053000000,2025-12-06 22:30:00,1.599,1.601,1.598,1.601,12041.3
1765053900000,2025-12-06 22:45:00,1.601,1.602,1.598,1.6,2745.3
1765054800000,2025-12-06 23:00:00,1.6,1.616,1.599,1.604,83181.0
1765055700000,2025-12-06 23:15:00,1.604,1.607,1.599,1.599,10516.3
1765056600000,2025-12-06 23:30:00,1.599,1.605,1.599,1.602,8151.2
1765057500000,2025-12-06 23:45:00,1.602,1.602,1.598,1.6,3919.2
1765058400000,2025-12-07 00:00:00,1.6,1.604,1.595,1.604,19966.7
1765059300000,2025-12-07 00:15:00,1.604,1.604,1.597,1.597,9360.3
1765060200000,2025-12-07 00:30:00,1.597,1.599,1.596,1.597,4056.9
1765061100000,2025-12-07 00:45:00,1.597,1.598,1.594,1.597,3770.1
1765062000000,2025-12-07 01:00:00,1.597,1.598,1.589,1.593,11840.3
1765062900000,2025-12-07 01:15:00,1.593,1.597,1.585,1.588,16421.1
1765063800000,2025-12-07 01:30:00,1.588,1.594,1.587,1.594,12955.6
1765064700000,2025-12-07 01:45:00,1.594,1.6,1.594,1.598,12829.3
1765065600000,2025-12-07 02:00:00,1.598,1.6,1.595,1.598,9850.9
1765066500000,2025-12-07 02:15:00,1.598,1.603,1.597,1.602,28878.7
1765067400000,2025-12-07 02:30:00,1.602,1.611,1.601,1.609,8181.4
1765068300000,2025-12-07 02:45:00,1.609,1.609,1.603,1.608,10473.6
1765069200000,2025-12-07 03:00:00,1.608,1.609,1.602,1.605,12138.1
1765070100000,2025-12-07 03:15:00,1.605,1.609,1.602,1.602,12299.5
1765071000000,2025-12-07 03:30:00,1.602,1.606,1.601,1.604,13835.4
1765071900000,2025-12-07 03:45:00,1.604,1.604,1.596,1.596,2748.3
1765072800000,2025-12-07 04:00:00,1.596,1.598,1.595,1.597,10176.1
1765073700000,2025-12-07 04:15:00,1.597,1.603,1.597,1.598,10344.3
1765074600000,2025-12-07 04:30:00,1.598,1.601,1.594,1.596,5491.6
1765075500000,2025-12-07 04:45:00,1.596,1.603,1.596,1.601,2543.7
1765076400000,2025-12-07 05:00:00,1.601,1.604,1.598,1.599,6228.8
1765077300000,2025-12-07 05:15:00,1.599,1.6,1.595,1.596,9206.1
1765078200000,2025-12-07 05:30:00,1.596,1.602,1.596,1.6,2388.6
1765079100000,2025-12-07 05:45:00,1.6,1.602,1.599,1.602,3242.8
1765080000000,2025-12-07 06:00:00,1.602,1.603,1.599,1.6,3633.7
1765080900000,2025-12-07 06:15:00,1.6,1.602,1.596,1.596,2617.9
1765081800000,2025-12-07 06:30:00,1.596,1.596,1.59,1.592,4615.6
1765082700000,2025-12-07 06:45:00,1.592,1.593,1.59,1.591,2282.7
1765083600000,2025-12-07 07:00:00,1.591,1.592,1.588,1.589,5766.2
1765084500000,2025-12-07 07:15:00,1.589,1.594,1.586,1.591,3303.3
1765085400000,2025-12-07 07:30:00,1.591,1.603,1.591,1.6,63882.2
1765086300000,2025-12-07 07:45:00,1.6,1.601,1.596,1.598,16786.9
1765087200000,2025-12-07 08:00:00,1.598,1.603,1.597,1.6,12646.2
1765088100000,2025-12-07 08:15:00,1.6,1.604,1.6,1.603,10572.7
1765089000000,2025-12-07 08:30:00,1.603,1.604,1.601,1.602,28708.2
1765089900000,2025-12-07 08:45:00,1.602,1.603,1.6,1.603,4209.1
1765090800000,2025-12-07 09:00:00,1.603,1.605,1.593,1.595,49477.3
1765091700000,2025-12-07 09:15:00,1.595,1.598,1.594,1.596,5163.5
1765092600000,2025-12-07 09:30:00,1.596,1.596,1.589,1.591,15396.5
1765093500000,2025-12-07 09:45:00,1.591,1.594,1.59,1.592,7443.9
1765094400000,2025-12-07 10:00:00,1.592,1.592,1.583,1.584,11625.2
1765095300000,2025-12-07 10:15:00,1.584,1.587,1.583,1.586,18241.6
1765096200000,2025-12-07 10:30:00,1.586,1.595,1.586,1.593,9329.5
1765097100000,2025-12-07 10:45:00,1.593,1.593,1.585,1.585,16018.9
1765098000000,2025-12-07 11:00:00,1.585,1.586,1.581,1.582,8411.2
1765098900000,2025-12-07 11:15:00,1.582,1.584,1.571,1.575,71762.4
1765099800000,2025-12-07 11:30:00,1.575,1.581,1.574,1.577,44758.1
1765100700000,2025-12-07 11:45:00,1.577,1.58,1.573,1.573,6101.8
1765101600000,2025-12-07 12:00:00,1.573,1.579,1.573,1.577,10937.0
1765102500000,2025-12-07 12:15:00,1.577,1.578,1.573,1.573,7524.0
1765103400000,2025-12-07 12:30:00,1.573,1.575,1.567,1.572,12876.8
1765104300000,2025-12-07 12:45:00,1.572,1.577,1.571,1.572,7334.9
1765105200000,2025-12-07 13:00:00,1.572,1.576,1.572,1.576,4826.6
1765106100000,2025-12-07 13:15:00,1.576,1.579,1.575,1.576,2654.7
1765107000000,2025-12-07 13:30:00,1.576,1.581,1.576,1.581,5283.1
1765107900000,2025-12-07 13:45:00,1.581,1.581,1.574,1.577,33468.1
1765108800000,2025-12-07 14:00:00,1.577,1.58,1.574,1.579,3461.5
1765109700000,2025-12-07 14:15:00,1.579,1.583,1.574,1.578,4681.0
1765110600000,2025-12-07 14:30:00,1.578,1.579,1.577,1.578,3524.4
1765111500000,2025-12-07 14:45:00,1.578,1.593,1.578,1.589,10532.1
1765112400000,2025-12-07 15:00:00,1.589,1.591,1.58,1.584,9566.7
1765113300000,2025-12-07 15:15:00,1.584,1.585,1.57,1.576,34525.1
1765114200000,2025-12-07 15:30:00,1.576,1.581,1.57,1.571,78120.8
1765115100000,2025-12-07 15:45:00,1.571,1.575,1.57,1.572,8336.4
1765116000000,2025-12-07 16:00:00,1.572,1.574,1.563,1.564,27450.5
1765116900000,2025-12-07 16:15:00,1.564,1.567,1.526,1.544,399352.5
1765117800000,2025-12-07 16:30:00,1.544,1.552,1.535,1.543,90547.2
1765118700000,2025-12-07 16:45:00,1.543,1.546,1.533,1.535,18922.0
1765119600000,2025-12-07 17:00:00,1.535,1.562,1.531,1.555,84186.5
1765120500000,2025-12-07 17:15:00,1.555,1.559,1.547,1.552,94512.0
1765121400000,2025-12-07 17:30:00,1.552,1.565,1.552,1.555,38961.8
1765122300000,2025-12-07 17:45:00,1.555,1.592,1.554,1.59,151204.9
1765123200000,2025-12-07 18:00:00,1.59,1.591,1.57,1.575,83936.9
1765124100000,2025-12-07 18:15:00,1.575,1.58,1.57,1.573,27792.5
1765125000000,2025-12-07 18:30:00,1.573,1.575,1.567,1.57,59930.6
1765125900000,2025-12-07 18:45:00,1.57,1.581,1.566,1.581,44750.4
1765126800000,2025-12-07 19:00:00,1.581,1.583,1.57,1.577,25940.6
1765127700000,2025-12-07 19:15:00,1.577,1.604,1.577,1.603,147977.2
1765128600000,2025-12-07 19:30:00,1.603,1.627,1.603,1.62,204237.5
1765129500000,2025-12-07 19:45:00,1.62,1.629,1.618,1.626,47608.6
1765130400000,2025-12-07 20:00:00,1.626,1.635,1.626,1.634,36265.3
1765131300000,2025-12-07 20:15:00,1.634,1.648,1.632,1.642,42327.8
1765132200000,2025-12-07 20:30:00,1.642,1.654,1.64,1.645,111923.3
1765133100000,2025-12-07 20:45:00,1.645,1.647,1.639,1.64,20715.5
1765134000000,2025-12-07 21:00:00,1.64,1.641,1.628,1.633,78920.7
1765134900000,2025-12-07 21:15:00,1.633,1.633,1.625,1.627,27427.2
1765135800000,2025-12-07 21:30:00,1.627,1.637,1.626,1.636,16480.7
1765136700000,2025-12-07 21:45:00,1.636,1.639,1.635,1.636,6326.0
1765137600000,2025-12-07 22:00:00,1.636,1.639,1.63,1.631,16022.8
1765138500000,2025-12-07 22:15:00,1.631,1.636,1.631,1.635,6595.8
1765139400000,2025-12-07 22:30:00,1.635,1.638,1.632,1.638,6413.7
1765140300000,2025-12-07 22:45:00,1.638,1.64,1.635,1.639,12127.5
1765141200000,2025-12-07 23:00:00,1.639,1.64,1.633,1.636,14770.8
1765142100000,2025-12-07 23:15:00,1.636,1.637,1.627,1.628,18000.0
1765143000000,2025-12-07 23:30:00,1.628,1.628,1.605,1.605,61509.3
1765143900000,2025-12-07 23:45:00,1.605,1.607,1.582,1.592,162476.0
1765144800000,2025-12-08 00:00:00,1.592,1.592,1.548,1.571,292532.9
1765145700000,2025-12-08 00:15:00,1.571,1.572,1.56,1.569,59888.7
1765146600000,2025-12-08 00:30:00,1.569,1.586,1.569,1.585,44030.1
1765147500000,2025-12-08 00:45:00,1.585,1.589,1.56,1.57,59459.8
1765148400000,2025-12-08 01:00:00,1.57,1.574,1.558,1.565,21624.3
1765149300000,2025-12-08 01:15:00,1.565,1.573,1.565,1.572,13169.1
1765150200000,2025-12-08 01:30:00,1.572,1.572,1.562,1.565,16072.9
1765151100000,2025-12-08 01:45:00,1.565,1.578,1.565,1.574,32656.1
1765152000000,2025-12-08 02:00:00,1.574,1.577,1.567,1.573,16916.8
1765152900000,2025-12-08 02:15:00,1.573,1.577,1.566,1.572,10785.6
1765153800000,2025-12-08 02:30:00,1.572,1.583,1.57,1.572,11513.0
1765154700000,2025-12-08 02:45:00,1.572,1.572,1.566,1.566,14854.5
1765155600000,2025-12-08 03:00:00,1.566,1.583,1.565,1.58,13324.9
1765156500000,2025-12-08 03:15:00,1.58,1.602,1.576,1.6,106163.5
1765157400000,2025-12-08 03:30:00,1.6,1.617,1.6,1.606,57344.6
1765158300000,2025-12-08 03:45:00,1.606,1.606,1.59,1.592,45595.0
1765159200000,2025-12-08 04:00:00,1.592,1.594,1.587,1.59,13025.4
1765160100000,2025-12-08 04:15:00,1.59,1.594,1.589,1.592,5382.5
1765161000000,2025-12-08 04:30:00,1.592,1.595,1.589,1.594,37034.5
1765161900000,2025-12-08 04:45:00,1.594,1.606,1.592,1.602,14376.5
1765162800000,2025-12-08 05:00:00,1.602,1.603,1.597,1.6,9585.4
1765163700000,2025-12-08 05:15:00,1.6,1.611,1.6,1.607,8383.8
1765164600000,2025-12-08 05:30:00,1.607,1.607,1.597,1.597,21721.1
1765165500000,2025-12-08 05:45:00,1.597,1.601,1.597,1.6,6332.5
1765166400000,2025-12-08 06:00:00,1.6,1.607,1.6,1.604,23596.6
1765167300000,2025-12-08 06:15:00,1.604,1.613,1.603,1.608,8625.0
1765168200000,2025-12-08 06:30:00,1.608,1.623,1.608,1.612,17975.1
1765169100000,2025-12-08 06:45:00,1.612,1.616,1.61,1.613,8469.9
1765170000000,2025-12-08 07:00:00,1.613,1.615,1.609,1.614,16883.6
1765170900000,2025-12-08 07:15:00,1.614,1.617,1.611,1.616,8350.2
1765171800000,2025-12-08 07:30:00,1.616,1.627,1.616,1.623,17860.1
1765172700000,2025-12-08 07:45:00,1.623,1.625,1.621,1.623,6572.1
1765173600000,2025-12-08 08:00:00,1.623,1.623,1.615,1.623,65445.1
1765174500000,2025-12-08 08:15:00,1.623,1.632,1.623,1.628,10218.4
1765175400000,2025-12-08 08:30:00,1.628,1.634,1.626,1.632,28490.2
1765176300000,2025-12-08 08:45:00,1.632,1.641,1.632,1.633,16269.0
1765177200000,2025-12-08 09:00:00,1.633,1.641,1.633,1.635,33287.3
1765178100000,2025-12-08 09:15:00,1.635,1.643,1.632,1.641,4443.5
1765179000000,2025-12-08 09:30:00,1.641,1.642,1.635,1.638,13618.0
1765179900000,2025-12-08 09:45:00,1.638,1.638,1.632,1.633,9338.2
1765180800000,2025-12-08 10:00:00,1.633,1.633,1.625,1.627,23906.2
1765181700000,2025-12-08 10:15:00,1.627,1.632,1.626,1.628,5420.0
1765182600000,2025-12-08 10:30:00,1.628,1.631,1.623,1.631,12907.3
1765183500000,2025-12-08 10:45:00,1.631,1.641,1.626,1.641,12274.7
1765184400000,2025-12-08 11:00:00,1.641,1.666,1.639,1.657,121042.0
1765185300000,2025-12-08 11:15:00,1.657,1.661,1.652,1.652,19837.9
1765186200000,2025-12-08 11:30:00,1.652,1.655,1.649,1.652,12971.1
1765187100000,2025-12-08 11:45:00,1.652,1.652,1.647,1.649,16386.4
1765188000000,2025-12-08 12:00:00,1.649,1.661,1.648,1.66,16005.3
1765188900000,2025-12-08 12:15:00,1.66,1.66,1.656,1.658,9565.2
1765189800000,2025-12-08 12:30:00,1.658,1.667,1.656,1.661,37184.6
1765190700000,2025-12-08 12:45:00,1.661,1.662,1.657,1.659,12034.4
1765191600000,2025-12-08 13:00:00,1.659,1.659,1.651,1.653,14252.2
1765192500000,2025-12-08 13:15:00,1.653,1.656,1.643,1.644,17039.6
1765193400000,2025-12-08 13:30:00,1.644,1.644,1.635,1.637,33999.6
1765194300000,2025-12-08 13:45:00,1.637,1.639,1.632,1.637,9032.0
1765195200000,2025-12-08 14:00:00,1.637,1.639,1.631,1.632,7282.5
1765196100000,2025-12-08 14:15:00,1.632,1.633,1.629,1.631,10769.8
1765197000000,2025-12-08 14:30:00,1.631,1.631,1.622,1.625,25407.0
1765197900000,2025-12-08 14:45:00,1.625,1.634,1.625,1.633,30165.6
1765198800000,2025-12-08 15:00:00,1.633,1.641,1.63,1.636,26104.4
1765199700000,2025-12-08 15:15:00,1.636,1.636,1.626,1.63,18741.1
1765200600000,2025-12-08 15:30:00,1.63,1.631,1.624,1.631,13290.7
1765201500000,2025-12-08 15:45:00,1.631,1.635,1.627,1.629,16414.1
1765202400000,2025-12-08 16:00:00,1.629,1.636,1.627,1.636,10382.6
1765203300000,2025-12-08 16:15:00,1.636,1.636,1.62,1.627,32961.8
1765204200000,2025-12-08 16:30:00,1.627,1.645,1.614,1.639,97560.8
1765205100000,2025-12-08 16:45:00,1.639,1.643,1.62,1.62,47403.6
1765206000000,2025-12-08 17:00:00,1.62,1.626,1.604,1.609,56882.0
1765206900000,2025-12-08 17:15:00,1.609,1.618,1.598,1.606,36572.6
1765207800000,2025-12-08 17:30:00,1.606,1.614,1.601,1.604,19093.7
1765208700000,2025-12-08 17:45:00,1.604,1.614,1.602,1.61,22295.0
1765209600000,2025-12-08 18:00:00,1.61,1.612,1.601,1.605,29503.3
1765210500000,2025-12-08 18:15:00,1.605,1.623,1.602,1.621,23636.2
1765211400000,2025-12-08 18:30:00,1.621,1.631,1.62,1.627,29956.3
1765212300000,2025-12-08 18:45:00,1.627,1.627,1.612,1.618,64394.1
1765213200000,2025-12-08 19:00:00,1.618,1.628,1.612,1.62,35864.5
1765214100000,2025-12-08 19:15:00,1.62,1.623,1.611,1.616,57518.0
1765215000000,2025-12-08 19:30:00,1.616,1.619,1.609,1.611,25796.4
1765215900000,2025-12-08 19:45:00,1.611,1.628,1.609,1.623,16738.0
1765216800000,2025-12-08 20:00:00,1.623,1.628,1.622,1.623,49092.9
1765217700000,2025-12-08 20:15:00,1.623,1.631,1.615,1.616,19981.7
1765218600000,2025-12-08 20:30:00,1.616,1.622,1.612,1.622,11353.2
1765219500000,2025-12-08 20:45:00,1.622,1.626,1.6,1.607,46709.5
1765220400000,2025-12-08 21:00:00,1.607,1.613,1.606,1.609,14290.8
1765221300000,2025-12-08 21:15:00,1.609,1.612,1.605,1.61,14629.8
1765222200000,2025-12-08 21:30:00,1.61,1.615,1.608,1.61,6739.6
1765223100000,2025-12-08 21:45:00,1.61,1.617,1.607,1.607,9656.4
1765224000000,2025-12-08 22:00:00,1.607,1.617,1.607,1.613,7575.3
1765224900000,2025-12-08 22:15:00,1.613,1.621,1.612,1.614,5030.4
1765225800000,2025-12-08 22:30:00,1.614,1.617,1.609,1.616,10914.6
1765226700000,2025-12-08 22:45:00,1.616,1.631,1.615,1.627,51161.1
1765227600000,2025-12-08 23:00:00,1.627,1.637,1.622,1.623,28912.2
1765228500000,2025-12-08 23:15:00,1.623,1.63,1.623,1.63,11531.2
1765229400000,2025-12-08 23:30:00,1.63,1.637,1.628,1.635,63175.5
1765230300000,2025-12-08 23:45:00,1.635,1.642,1.632,1.64,27911.8
1765231200000,2025-12-09 00:00:00,1.64,1.643,1.635,1.636,43970.9
1765232100000,2025-12-09 00:15:00,1.636,1.637,1.629,1.63,12481.8
1765233000000,2025-12-09 00:30:00,1.63,1.631,1.621,1.622,15749.8
1765233900000,2025-12-09 00:45:00,1.622,1.628,1.621,1.627,12762.0
1765234800000,2025-12-09 01:00:00,1.627,1.63,1.624,1.624,4384.7
1765235700000,2025-12-09 01:15:00,1.624,1.625,1.616,1.621,7692.3
1765236600000,2025-12-09 01:30:00,1.621,1.629,1.621,1.628,8449.9
1765237500000,2025-12-09 01:45:00,1.628,1.637,1.628,1.635,10387.7
1765238400000,2025-12-09 02:00:00,1.635,1.637,1.632,1.633,8265.0
1765239300000,2025-12-09 02:15:00,1.633,1.638,1.629,1.631,8513.3
1765240200000,2025-12-09 02:30:00,1.631,1.632,1.623,1.624,5925.4
1765241100000,2025-12-09 02:45:00,1.624,1.627,1.622,1.625,3696.6
1765242000000,2025-12-09 03:00:00,1.625,1.631,1.622,1.624,12782.3
1765242900000,2025-12-09 03:15:00,1.624,1.626,1.615,1.616,6055.2
1765243800000,2025-12-09 03:30:00,1.616,1.619,1.611,1.613,20268.3
1765244700000,2025-12-09 03:45:00,1.613,1.615,1.608,1.613,9934.7
1765245600000,2025-12-09 04:00:00,1.613,1.621,1.612,1.614,9450.5
1765246500000,2025-12-09 04:15:00,1.614,1.627,1.612,1.627,41097.3
1765247400000,2025-12-09 04:30:00,1.627,1.627,1.618,1.619,97406.2
1765248300000,2025-12-09 04:45:00,1.619,1.628,1.615,1.615,107607.0
1765249200000,2025-12-09 05:00:00,1.615,1.618,1.614,1.616,14282.5
1765250100000,2025-12-09 05:15:00,1.616,1.621,1.611,1.616,31377.0
1765251000000,2025-12-09 05:30:00,1.616,1.628,1.616,1.627,18073.5
1765251900000,2025-12-09 05:45:00,1.627,1.633,1.626,1.631,9707.9
1765252800000,2025-12-09 06:00:00,1.631,1.632,1.629,1.63,17600.8
1765253700000,2025-12-09 06:15:00,1.63,1.632,1.625,1.631,56791.2
1765254600000,2025-12-09 06:30:00,1.631,1.632,1.615,1.617,42496.4
1765255500000,2025-12-09 06:45:00,1.617,1.627,1.616,1.626,153663.2
1765256400000,2025-12-09 07:00:00,1.626,1.63,1.618,1.62,23022.0
1765257300000,2025-12-09 07:15:00,1.62,1.629,1.617,1.624,25414.8
1765258200000,2025-12-09 07:30:00,1.624,1.631,1.624,1.631,30677.9
1765259100000,2025-12-09 07:45:00,1.631,1.632,1.619,1.62,10652.8
1765260000000,2025-12-09 08:00:00,1.62,1.626,1.618,1.62,12898.6
1765260900000,2025-12-09 08:15:00,1.62,1.623,1.616,1.617,11390.0
1765261800000,2025-12-09 08:30:00,1.617,1.619,1.613,1.616,10610.9
1765262700000,2025-12-09 08:45:00,1.616,1.621,1.616,1.62,22263.3
1765263600000,2025-12-09 09:00:00,1.62,1.622,1.616,1.616,24693.8
1765264500000,2025-12-09 09:15:00,1.616,1.629,1.616,1.627,28635.8
1765265400000,2025-12-09 09:30:00,1.627,1.635,1.626,1.635,23470.5
1765266300000,2025-12-09 09:45:00,1.635,1.641,1.634,1.64,29234.6
1765267200000,2025-12-09 10:00:00,1.64,1.649,1.64,1.647,73007.7
1765268100000,2025-12-09 10:15:00,1.647,1.652,1.642,1.644,13713.1
1765269000000,2025-12-09 10:30:00,1.644,1.647,1.639,1.646,18390.1
1765269900000,2025-12-09 10:45:00,1.646,1.65,1.642,1.642,12264.0
1765270800000,2025-12-09 11:00:00,1.642,1.642,1.636,1.639,21732.0
1765271700000,2025-12-09 11:15:00,1.639,1.643,1.637,1.638,16250.6
1765272600000,2025-12-09 11:30:00,1.638,1.641,1.631,1.632,8038.5
1765273500000,2025-12-09 11:45:00,1.632,1.639,1.631,1.638,6211.2
1765274400000,2025-12-09 12:00:00,1.638,1.645,1.636,1.637,17185.6
1765275300000,2025-12-09 12:15:00,1.637,1.638,1.634,1.638,4204.6
1765276200000,2025-12-09 12:30:00,1.638,1.642,1.621,1.629,39466.7
1765277100000,2025-12-09 12:45:00,1.629,1.633,1.626,1.633,2950.9
1765278000000,2025-12-09 13:00:00,1.633,1.637,1.631,1.635,6276.7
1765278900000,2025-12-09 13:15:00,1.635,1.641,1.632,1.641,13024.0
1765279800000,2025-12-09 13:30:00,1.641,1.647,1.639,1.645,22888.7
1765280700000,2025-12-09 13:45:00,1.645,1.651,1.641,1.649,30807.5
1765281600000,2025-12-09 14:00:00,1.649,1.654,1.644,1.646,34450.3
1765282500000,2025-12-09 14:15:00,1.646,1.666,1.646,1.663,93778.4
1765283400000,2025-12-09 14:30:00,1.663,1.674,1.662,1.672,47817.4
1765284300000,2025-12-09 14:45:00,1.672,1.674,1.665,1.666,20793.9
1765285200000,2025-12-09 15:00:00,1.666,1.667,1.661,1.662,17074.3
1765286100000,2025-12-09 15:15:00,1.662,1.666,1.658,1.662,18079.4
1765287000000,2025-12-09 15:30:00,1.662,1.666,1.648,1.648,55078.8
1765287900000,2025-12-09 15:45:00,1.648,1.655,1.648,1.655,11069.0
1765288800000,2025-12-09 16:00:00,1.655,1.665,1.655,1.657,23401.0
1765289700000,2025-12-09 16:15:00,1.657,1.658,1.644,1.651,11413.0
1765290600000,2025-12-09 16:30:00,1.651,1.657,1.642,1.647,51157.2
1765291500000,2025-12-09 16:45:00,1.647,1.651,1.644,1.651,11254.2
1765292400000,2025-12-09 17:00:00,1.651,1.694,1.649,1.663,218526.7
1765293300000,2025-12-09 17:15:00,1.663,1.69,1.662,1.682,37472.1
1765294200000,2025-12-09 17:30:00,1.682,1.706,1.676,1.698,134889.4
1765295100000,2025-12-09 17:45:00,1.698,1.711,1.692,1.705,126319.6
1765296000000,2025-12-09 18:00:00,1.705,1.736,1.705,1.734,154158.5
1765296900000,2025-12-09 18:15:00,1.734,1.741,1.718,1.727,107871.0
1765297800000,2025-12-09 18:30:00,1.727,1.756,1.727,1.753,323405.9
1765298700000,2025-12-09 18:45:00,1.753,1.763,1.745,1.758,107843.0
1765299600000,2025-12-09 19:00:00,1.758,1.78,1.758,1.775,116977.5
1765300500000,2025-12-09 19:15:00,1.775,1.777,1.743,1.749,105264.7
1765301400000,2025-12-09 19:30:00,1.749,1.753,1.737,1.741,55712.9
1765302300000,2025-12-09 19:45:00,1.741,1.746,1.735,1.739,29864.8
1765303200000,2025-12-09 20:00:00,1.739,1.75,1.736,1.748,48487.5
1765304100000,2025-12-09 20:15:00,1.748,1.748,1.739,1.742,26534.5
1765305000000,2025-12-09 20:30:00,1.742,1.742,1.735,1.737,24287.7
1765305900000,2025-12-09 20:45:00,1.737,1.738,1.73,1.738,25698.2
1765306800000,2025-12-09 21:00:00,1.738,1.739,1.727,1.732,18134.4
1765307700000,2025-12-09 21:15:00,1.732,1.737,1.731,1.734,12190.8
1765308600000,2025-12-09 21:30:00,1.734,1.741,1.726,1.729,30649.1
1765309500000,2025-12-09 21:45:00,1.729,1.736,1.728,1.734,11152.2
1765310400000,2025-12-09 22:00:00,1.734,1.736,1.726,1.73,21280.8
1765311300000,2025-12-09 22:15:00,1.73,1.731,1.696,1.709,79885.4
1765312200000,2025-12-09 22:30:00,1.709,1.711,1.698,1.706,39773.8
1765313100000,2025-12-09 22:45:00,1.706,1.715,1.706,1.71,22723.5
1765314000000,2025-12-09 23:00:00,1.71,1.712,1.699,1.703,23629.9
1765314900000,2025-12-09 23:15:00,1.703,1.705,1.695,1.703,15874.5
1765315800000,2025-12-09 23:30:00,1.703,1.703,1.691,1.691,86659.3
1765316700000,2025-12-09 23:45:00,1.691,1.692,1.671,1.69,108135.1
1765317600000,2025-12-10 00:00:00,1.69,1.705,1.689,1.697,119030.5
1765318500000,2025-12-10 00:15:00,1.697,1.704,1.695,1.699,26862.5
1765319400000,2025-12-10 00:30:00,1.699,1.713,1.696,1.708,45934.4
1765320300000,2025-12-10 00:45:00,1.708,1.714,1.702,1.707,38024.9
1765321200000,2025-12-10 01:00:00,1.707,1.71,1.701,1.701,8942.3
1765322100000,2025-12-10 01:15:00,1.701,1.709,1.701,1.709,9287.8
1765323000000,2025-12-10 01:30:00,1.709,1.715,1.704,1.709,81408.5
1765323900000,2025-12-10 01:45:00,1.709,1.709,1.7,1.703,72902.0
1765324800000,2025-12-10 02:00:00,1.703,1.705,1.701,1.702,12394.6
1765325700000,2025-12-10 02:15:00,1.702,1.702,1.69,1.694,29606.9
1765326600000,2025-12-10 02:30:00,1.694,1.697,1.69,1.693,21543.3
1765327500000,2025-12-10 02:45:00,1.693,1.695,1.683,1.684,41583.0
1765328400000,2025-12-10 03:00:00,1.684,1.689,1.681,1.684,92970.4
1765329300000,2025-12-10 03:15:00,1.684,1.691,1.682,1.689,30330.3
1765330200000,2025-12-10 03:30:00,1.689,1.689,1.68,1.684,22449.5
1765331100000,2025-12-10 03:45:00,1.684,1.689,1.683,1.685,14085.3
1765332000000,2025-12-10 04:00:00,1.685,1.686,1.679,1.685,25191.2
1765332900000,2025-12-10 04:15:00,1.685,1.691,1.684,1.688,17409.7
1765333800000,2025-12-10 04:30:00,1.688,1.688,1.681,1.683,10243.4
1765334700000,2025-12-10 04:45:00,1.683,1.685,1.681,1.685,8849.8
1765335600000,2025-12-10 05:00:00,1.685,1.685,1.679,1.683,6799.5
1765336500000,2025-12-10 05:15:00,1.683,1.683,1.677,1.678,5237.7
1765337400000,2025-12-10 05:30:00,1.678,1.68,1.673,1.678,14995.7
1765338300000,2025-12-10 05:45:00,1.678,1.68,1.677,1.678,8001.1
1765339200000,2025-12-10 06:00:00,1.678,1.68,1.673,1.679,13413.4
1765340100000,2025-12-10 06:15:00,1.679,1.686,1.678,1.681,8892.6
1765341000000,2025-12-10 06:30:00,1.681,1.687,1.68,1.685,9370.7
1765341900000,2025-12-10 06:45:00,1.685,1.693,1.682,1.682,19163.7
1765342800000,2025-12-10 07:00:00,1.682,1.684,1.679,1.684,8738.1
1765343700000,2025-12-10 07:15:00,1.684,1.688,1.679,1.68,18628.1
1765344600000,2025-12-10 07:30:00,1.68,1.68,1.676,1.679,5305.8
1765345500000,2025-12-10 07:45:00,1.679,1.68,1.677,1.679,11254.6
1765346400000,2025-12-10 08:00:00,1.679,1.679,1.673,1.679,5751.6
1765347300000,2025-12-10 08:15:00,1.679,1.681,1.677,1.678,6453.0
1765348200000,2025-12-10 08:30:00,1.678,1.68,1.676,1.678,5415.3
1765349100000,2025-12-10 08:45:00,1.678,1.681,1.675,1.678,5411.8
1765350000000,2025-12-10 09:00:00,1.678,1.678,1.671,1.672,3856.1
1765350900000,2025-12-10 09:15:00,1.672,1.672,1.663,1.669,96274.7
1765351800000,2025-12-10 09:30:00,1.669,1.671,1.667,1.671,7360.8
1765352700000,2025-12-10 09:45:00,1.671,1.676,1.67,1.673,37037.9
1765353600000,2025-12-10 10:00:00,1.673,1.676,1.666,1.667,18102.6
1765354500000,2025-12-10 10:15:00,1.667,1.668,1.663,1.666,23508.1
1765355400000,2025-12-10 10:30:00,1.666,1.667,1.662,1.664,13653.8
1765356300000,2025-12-10 10:45:00,1.664,1.667,1.663,1.663,4484.2
1765357200000,2025-12-10 11:00:00,1.663,1.665,1.657,1.661,13307.9
1765358100000,2025-12-10 11:15:00,1.661,1.662,1.657,1.657,20878.4
1765359000000,2025-12-10 11:30:00,1.657,1.663,1.657,1.662,15327.6
1765359900000,2025-12-10 11:45:00,1.662,1.672,1.662,1.672,18437.4
1765360800000,2025-12-10 12:00:00,1.672,1.683,1.668,1.671,46400.1
1765361700000,2025-12-10 12:15:00,1.671,1.671,1.656,1.659,91810.6
1765362600000,2025-12-10 12:30:00,1.659,1.659,1.651,1.655,39040.6
1765363500000,2025-12-10 12:45:00,1.655,1.658,1.654,1.654,15822.7
1765364400000,2025-12-10 13:00:00,1.654,1.657,1.647,1.648,28748.5
1765365300000,2025-12-10 13:15:00,1.648,1.651,1.647,1.65,8618.0
1765366200000,2025-12-10 13:30:00,1.65,1.65,1.641,1.645,38440.3
1765367100000,2025-12-10 13:45:00,1.645,1.649,1.64,1.648,16904.7
1765368000000,2025-12-10 14:00:00,1.648,1.651,1.644,1.645,13779.1
1765368900000,2025-12-10 14:15:00,1.645,1.647,1.642,1.642,12145.4
1765369800000,2025-12-10 14:30:00,1.642,1.646,1.641,1.645,6333.9
1765370700000,2025-12-10 14:45:00,1.645,1.654,1.643,1.652,16899.2
1765371600000,2025-12-10 15:00:00,1.652,1.653,1.646,1.649,25526.2
1765372500000,2025-12-10 15:15:00,1.649,1.658,1.646,1.656,18997.6
1765373400000,2025-12-10 15:30:00,1.656,1.657,1.651,1.652,23208.5
1765374300000,2025-12-10 15:45:00,1.652,1.657,1.652,1.656,7517.3
1765375200000,2025-12-10 16:00:00,1.656,1.658,1.652,1.654,14010.6
1765376100000,2025-12-10 16:15:00,1.654,1.657,1.652,1.652,20559.7
1765377000000,2025-12-10 16:30:00,1.652,1.657,1.647,1.65,17555.7
1765377900000,2025-12-10 16:45:00,1.65,1.651,1.643,1.65,8689.3
1765378800000,2025-12-10 17:00:00,1.65,1.664,1.648,1.661,36003.7
1765379700000,2025-12-10 17:15:00,1.661,1.662,1.652,1.656,24224.0
1765380600000,2025-12-10 17:30:00,1.656,1.657,1.643,1.654,19843.6
1765381500000,2025-12-10 17:45:00,1.654,1.656,1.647,1.65,22816.1
1765382400000,2025-12-10 18:00:00,1.65,1.658,1.645,1.655,33986.9
1765383300000,2025-12-10 18:15:00,1.655,1.67,1.653,1.666,25047.7
1765384200000,2025-12-10 18:30:00,1.666,1.667,1.655,1.659,21959.0
1765385100000,2025-12-10 18:45:00,1.659,1.665,1.655,1.658,18907.6
1765386000000,2025-12-10 19:00:00,1.658,1.663,1.656,1.663,16602.7
1765386900000,2025-12-10 19:15:00,1.663,1.678,1.661,1.674,22415.4
1765387800000,2025-12-10 19:30:00,1.674,1.674,1.668,1.669,6241.2
1765388700000,2025-12-10 19:45:00,1.669,1.67,1.664,1.666,17718.7
1765389600000,2025-12-10 20:00:00,1.666,1.67,1.66,1.667,12661.9
1765390500000,2025-12-10 20:15:00,1.667,1.671,1.657,1.664,10373.1
1765391400000,2025-12-10 20:30:00,1.664,1.704,1.661,1.681,134491.3
1765392300000,2025-12-10 20:45:00,1.681,1.691,1.664,1.677,101921.7
1765393200000,2025-12-10 21:00:00,1.677,1.711,1.657,1.697,591165.9
1765394100000,2025-12-10 21:15:00,1.697,1.703,1.675,1.68,179949.6
1765395000000,2025-12-10 21:30:00,1.68,1.709,1.68,1.691,190562.0
1765395900000,2025-12-10 21:45:00,1.691,1.705,1.689,1.7,55676.3
1765396800000,2025-12-10 22:00:00,1.7,1.733,1.69,1.733,119937.2
1765397700000,2025-12-10 22:15:00,1.733,1.746,1.697,1.719,243509.0
1765398600000,2025-12-10 22:30:00,1.719,1.728,1.716,1.719,52035.7
1765399500000,2025-12-10 22:45:00,1.719,1.72,1.676,1.677,215150.9
1765400400000,2025-12-10 23:00:00,1.677,1.688,1.663,1.68,105741.3
1765401300000,2025-12-10 23:15:00,1.68,1.689,1.677,1.68,23583.3
1765402200000,2025-12-10 23:30:00,1.68,1.68,1.667,1.674,57286.8
1765403100000,2025-12-10 23:45:00,1.674,1.676,1.655,1.658,20431.6
1765404000000,2025-12-11 00:00:00,1.658,1.663,1.638,1.642,75562.8
1765404900000,2025-12-11 00:15:00,1.642,1.653,1.629,1.644,60663.7
1765405800000,2025-12-11 00:30:00,1.644,1.665,1.644,1.662,55419.1
1765406700000,2025-12-11 00:45:00,1.662,1.665,1.656,1.659,11867.8
1765407600000,2025-12-11 01:00:00,1.659,1.661,1.65,1.657,10072.2
1765408500000,2025-12-11 01:15:00,1.657,1.658,1.65,1.65,6208.3
1765409400000,2025-12-11 01:30:00,1.65,1.651,1.647,1.649,20932.8
1765410300000,2025-12-11 01:45:00,1.649,1.649,1.641,1.642,6111.3
1765411200000,2025-12-11 02:00:00,1.642,1.642,1.634,1.635,32482.0
1765412100000,2025-12-11 02:15:00,1.635,1.635,1.627,1.629,16957.6
1765413000000,2025-12-11 02:30:00,1.629,1.629,1.608,1.614,68335.2
1765413900000,2025-12-11 02:45:00,1.614,1.615,1.6,1.608,74248.2
1765414800000,2025-12-11 03:00:00,1.608,1.611,1.596,1.599,56826.7
1765415700000,2025-12-11 03:15:00,1.599,1.601,1.589,1.599,58124.0
1765416600000,2025-12-11 03:30:00,1.599,1.606,1.595,1.595,36396.8
1765417500000,2025-12-11 03:45:00,1.595,1.596,1.583,1.585,69569.7
1765418400000,2025-12-11 04:00:00,1.585,1.585,1.576,1.578,48571.7
1765419300000,2025-12-11 04:15:00,1.578,1.588,1.571,1.578,47818.9
1765420200000,2025-12-11 04:30:00,1.578,1.585,1.575,1.582,36318.1
1765421100000,2025-12-11 04:45:00,1.582,1.584,1.577,1.581,23475.5
1765422000000,2025-12-11 05:00:00,1.581,1.581,1.567,1.572,51407.0
1765422900000,2025-12-11 05:15:00,1.572,1.579,1.568,1.568,26250.9
1765423800000,2025-12-11 05:30:00,1.568,1.571,1.562,1.567,22943.3
1765424700000,2025-12-11 05:45:00,1.567,1.57,1.563,1.563,6034.0
1765425600000,2025-12-11 06:00:00,1.563,1.573,1.557,1.571,49206.8
1765426500000,2025-12-11 06:15:00,1.571,1.577,1.568,1.574,21968.1
1765427400000,2025-12-11 06:30:00,1.574,1.581,1.574,1.577,45795.0
1765428300000,2025-12-11 06:45:00,1.577,1.588,1.574,1.585,26523.3
1765429200000,2025-12-11 07:00:00,1.585,1.585,1.579,1.58,9562.6
1765430100000,2025-12-11 07:15:00,1.58,1.584,1.577,1.582,8912.7
1765431000000,2025-12-11 07:30:00,1.582,1.585,1.581,1.583,5777.1
1765431900000,2025-12-11 07:45:00,1.583,1.586,1.583,1.584,9387.4
1765432800000,2025-12-11 08:00:00,1.584,1.584,1.579,1.582,11148.0
1765433700000,2025-12-11 08:15:00,1.582,1.583,1.576,1.578,5956.2
1765434600000,2025-12-11 08:30:00,1.578,1.591,1.578,1.586,14694.2
1765435500000,2025-12-11 08:45:00,1.586,1.589,1.582,1.583,6364.4
1765436400000,2025-12-11 09:00:00,1.583,1.584,1.581,1.584,7378.9
1765437300000,2025-12-11 09:15:00,1.584,1.586,1.58,1.58,40373.8
1765438200000,2025-12-11 09:30:00,1.58,1.585,1.579,1.579,8342.3
1765439100000,2025-12-11 09:45:00,1.579,1.583,1.577,1.579,7155.2
1765440000000,2025-12-11 10:00:00,1.579,1.581,1.574,1.575,13643.0
1765440900000,2025-12-11 10:15:00,1.575,1.581,1.573,1.578,12107.6
1765441800000,2025-12-11 10:30:00,1.578,1.578,1.574,1.575,11468.0
1765442700000,2025-12-11 10:45:00,1.575,1.582,1.574,1.581,18303.0
1765443600000,2025-12-11 11:00:00,1.581,1.586,1.579,1.58,9211.2
1765444500000,2025-12-11 11:15:00,1.58,1.585,1.58,1.582,8744.0
1765445400000,2025-12-11 11:30:00,1.582,1.586,1.582,1.582,10573.4
1765446300000,2025-12-11 11:45:00,1.582,1.583,1.577,1.577,8026.5
1765447200000,2025-12-11 12:00:00,1.577,1.583,1.577,1.583,3203.1
1765448100000,2025-12-11 12:15:00,1.583,1.583,1.577,1.578,4755.0
1765449000000,2025-12-11 12:30:00,1.578,1.578,1.576,1.578,3827.3
1765449900000,2025-12-11 12:45:00,1.578,1.582,1.577,1.581,6513.2
1765450800000,2025-12-11 13:00:00,1.581,1.586,1.577,1.578,24933.4
1765451700000,2025-12-11 13:15:00,1.578,1.579,1.57,1.576,23895.6
1765452600000,2025-12-11 13:30:00,1.576,1.581,1.575,1.58,19151.5
1765453500000,2025-12-11 13:45:00,1.58,1.58,1.575,1.576,8351.9
1765454400000,2025-12-11 14:00:00,1.576,1.578,1.574,1.576,19616.7
1765455300000,2025-12-11 14:15:00,1.576,1.586,1.576,1.584,10141.6
1765456200000,2025-12-11 14:30:00,1.584,1.589,1.583,1.585,10790.5
1765457100000,2025-12-11 14:45:00,1.585,1.587,1.583,1.583,11927.4
1765458000000,2025-12-11 15:00:00,1.583,1.59,1.583,1.587,7230.4
1765458900000,2025-12-11 15:15:00,1.587,1.589,1.582,1.587,25092.7
1765459800000,2025-12-11 15:30:00,1.587,1.587,1.581,1.583,32319.6
1765460700000,2025-12-11 15:45:00,1.583,1.587,1.581,1.584,22962.8
1765461600000,2025-12-11 16:00:00,1.584,1.585,1.581,1.585,3596.2
1765462500000,2025-12-11 16:15:00,1.585,1.585,1.58,1.58,7929.9
1765463400000,2025-12-11 16:30:00,1.58,1.591,1.565,1.584,70847.9
1765464300000,2025-12-11 16:45:00,1.584,1.585,1.566,1.577,113379.4
1765465200000,2025-12-11 17:00:00,1.577,1.589,1.57,1.585,34059.6
1765466100000,2025-12-11 17:15:00,1.585,1.598,1.578,1.587,104015.9
1765467000000,2025-12-11 17:30:00,1.587,1.587,1.574,1.575,28275.3
1765467900000,2025-12-11 17:45:00,1.575,1.582,1.572,1.575,21336.5
1765468800000,2025-12-11 18:00:00,1.575,1.58,1.559,1.562,137048.1
1765469700000,2025-12-11 18:15:00,1.562,1.569,1.558,1.563,38455.1
1765470600000,2025-12-11 18:30:00,1.563,1.571,1.551,1.566,78457.4
1765471500000,2025-12-11 18:45:00,1.566,1.574,1.558,1.561,20950.5
1765472400000,2025-12-11 19:00:00,1.561,1.562,1.557,1.56,15577.6
1765473300000,2025-12-11 19:15:00,1.56,1.574,1.56,1.57,27909.2
1765474200000,2025-12-11 19:30:00,1.57,1.579,1.57,1.571,13399.0
1765475100000,2025-12-11 19:45:00,1.571,1.574,1.567,1.571,22051.1
1765476000000,2025-12-11 20:00:00,1.571,1.579,1.569,1.578,17959.1
1765476900000,2025-12-11 20:15:00,1.578,1.582,1.577,1.581,14842.1
1765477800000,2025-12-11 20:30:00,1.581,1.604,1.581,1.602,44780.4
1765478700000,2025-12-11 20:45:00,1.602,1.605,1.582,1.588,74825.1
1765479600000,2025-12-11 21:00:00,1.588,1.598,1.585,1.59,15146.8
1765480500000,2025-12-11 21:15:00,1.59,1.602,1.59,1.599,101197.5
1765481400000,2025-12-11 21:30:00,1.599,1.607,1.598,1.601,18138.5
1765482300000,2025-12-11 21:45:00,1.601,1.602,1.586,1.587,45172.4
1765483200000,2025-12-11 22:00:00,1.587,1.598,1.587,1.596,35035.9
1765484100000,2025-12-11 22:15:00,1.596,1.6,1.588,1.59,15594.4
1765485000000,2025-12-11 22:30:00,1.59,1.605,1.59,1.603,41333.2
1765485900000,2025-12-11 22:45:00,1.603,1.609,1.6,1.606,30079.3
1765486800000,2025-12-11 23:00:00,1.606,1.616,1.602,1.613,52522.0
1765487700000,2025-12-11 23:15:00,1.613,1.636,1.613,1.632,85100.1
1765488600000,2025-12-11 23:30:00,1.632,1.642,1.625,1.631,85845.0
1765489500000,2025-12-11 23:45:00,1.631,1.634,1.622,1.624,43009.8
1765490400000,2025-12-12 00:00:00,1.624,1.631,1.618,1.62,54964.1
1765491300000,2025-12-12 00:15:00,1.62,1.621,1.596,1.599,70012.6
1765492200000,2025-12-12 00:30:00,1.599,1.608,1.595,1.6,25961.9
1765493100000,2025-12-12 00:45:00,1.6,1.606,1.593,1.602,16498.2
1765494000000,2025-12-12 01:00:00,1.602,1.605,1.595,1.598,20698.2
1765494900000,2025-12-12 01:15:00,1.598,1.604,1.597,1.602,13050.6
1765495800000,2025-12-12 01:30:00,1.602,1.611,1.601,1.61,13691.0
1765496700000,2025-12-12 01:45:00,1.61,1.611,1.6,1.604,20407.6
1765497600000,2025-12-12 02:00:00,1.604,1.607,1.604,1.604,7996.1
1765498500000,2025-12-12 02:15:00,1.604,1.611,1.604,1.605,5427.3
1765499400000,2025-12-12 02:30:00,1.605,1.609,1.605,1.606,8571.8
1765500300000,2025-12-12 02:45:00,1.606,1.607,1.579,1.581,51644.3
1765501200000,2025-12-12 03:00:00,1.581,1.592,1.581,1.59,20594.2
1765502100000,2025-12-12 03:15:00,1.59,1.604,1.59,1.599,41109.7
1765503000000,2025-12-12 03:30:00,1.599,1.603,1.598,1.6,12579.4
1765503900000,2025-12-12 03:45:00,1.6,1.602,1.597,1.599,6057.7
1765504800000,2025-12-12 04:00:00,1.599,1.617,1.598,1.615,9254.7
1765505700000,2025-12-12 04:15:00,1.615,1.617,1.611,1.615,7972.8
1765506600000,2025-12-12 04:30:00,1.615,1.617,1.612,1.616,8506.1
1765507500000,2025-12-12 04:45:00,1.616,1.62,1.614,1.617,11134.6
1765508400000,2025-12-12 05:00:00,1.617,1.618,1.61,1.61,3665.7
1765509300000,2025-12-12 05:15:00,1.61,1.612,1.604,1.605,14173.6
1765510200000,2025-12-12 05:30:00,1.605,1.61,1.603,1.61,4426.6
1765511100000,2025-12-12 05:45:00,1.61,1.613,1.607,1.61,19147.1
1765512000000,2025-12-12 06:00:00,1.61,1.612,1.607,1.612,5460.7
1765512900000,2025-12-12 06:15:00,1.612,1.614,1.609,1.609,8412.7
1765513800000,2025-12-12 06:30:00,1.609,1.61,1.608,1.609,5381.6
1765514700000,2025-12-12 06:45:00,1.609,1.61,1.607,1.607,5491.4
1765515600000,2025-12-12 07:00:00,1.607,1.615,1.607,1.608,10849.8
1765516500000,2025-12-12 07:15:00,1.608,1.609,1.6,1.605,13214.2
1765517400000,2025-12-12 07:30:00,1.605,1.616,1.604,1.616,10042.0
1765518300000,2025-12-12 07:45:00,1.616,1.62,1.614,1.619,13492.5
1765519200000,2025-12-12 08:00:00,1.619,1.632,1.619,1.632,73679.8
1765520100000,2025-12-12 08:15:00,1.632,1.632,1.621,1.622,13370.4
1765521000000,2025-12-12 08:30:00,1.622,1.622,1.619,1.62,8180.5
1765521900000,2025-12-12 08:45:00,1.62,1.621,1.616,1.62,7580.1
1765522800000,2025-12-12 09:00:00,1.62,1.628,1.62,1.623,81109.0
1765523700000,2025-12-12 09:15:00,1.623,1.624,1.621,1.622,10796.9
1765524600000,2025-12-12 09:30:00,1.622,1.624,1.618,1.621,24991.3
1765525500000,2025-12-12 09:45:00,1.621,1.622,1.62,1.62,5858.0
1765526400000,2025-12-12 10:00:00,1.62,1.622,1.618,1.621,13094.2
1765527300000,2025-12-12 10:15:00,1.621,1.621,1.612,1.614,61710.2
1765528200000,2025-12-12 10:30:00,1.614,1.614,1.608,1.611,37651.0
1765529100000,2025-12-12 10:45:00,1.611,1.613,1.608,1.612,8455.2
1765530000000,2025-12-12 11:00:00,1.612,1.613,1.607,1.61,14531.7
1765530900000,2025-12-12 11:15:00,1.61,1.613,1.603,1.603,10206.9
1765531800000,2025-12-12 11:30:00,1.603,1.609,1.603,1.608,48907.8
1765532700000,2025-12-12 11:45:00,1.608,1.623,1.607,1.622,24402.5
1765533600000,2025-12-12 12:00:00,1.622,1.628,1.621,1.626,30085.3
1765534500000,2025-12-12 12:15:00,1.626,1.626,1.62,1.622,15787.3
1765535400000,2025-12-12 12:30:00,1.622,1.623,1.619,1.62,8083.5
1765536300000,2025-12-12 12:45:00,1.62,1.622,1.618,1.62,6466.1
1765537200000,2025-12-12 13:00:00,1.62,1.62,1.612,1.613,48766.7
1765538100000,2025-12-12 13:15:00,1.613,1.618,1.61,1.618,36213.0
1765539000000,2025-12-12 13:30:00,1.618,1.62,1.616,1.616,6542.7
1765539900000,2025-12-12 13:45:00,1.616,1.619,1.616,1.619,13982.3
1765540800000,2025-12-12 14:00:00,1.619,1.619,1.615,1.618,4591.9
1765541700000,2025-12-12 14:15:00,1.618,1.621,1.617,1.618,8097.5
1765542600000,2025-12-12 14:30:00,1.618,1.623,1.618,1.618,10388.0
1765543500000,2025-12-12 14:45:00,1.618,1.627,1.618,1.625,10918.5
1765544400000,2025-12-12 15:00:00,1.625,1.625,1.618,1.621,49305.4
1765545300000,2025-12-12 15:15:00,1.621,1.626,1.619,1.62,26788.5
1765546200000,2025-12-12 15:30:00,1.62,1.622,1.616,1.619,12446.0
1765547100000,2025-12-12 15:45:00,1.619,1.622,1.619,1.62,6703.4
1765548000000,2025-12-12 16:00:00,1.62,1.62,1.612,1.614,10146.6
1765548900000,2025-12-12 16:15:00,1.614,1.621,1.613,1.613,8724.1
1765549800000,2025-12-12 16:30:00,1.613,1.624,1.608,1.62,80201.5
1765550700000,2025-12-12 16:45:00,1.62,1.623,1.612,1.617,42060.7
1765551600000,2025-12-12 17:00:00,1.617,1.617,1.594,1.6,71678.1
1765552500000,2025-12-12 17:15:00,1.6,1.6,1.569,1.572,87906.5
1765553400000,2025-12-12 17:30:00,1.572,1.581,1.553,1.563,285467.7
1765554300000,2025-12-12 17:45:00,1.563,1.569,1.526,1.536,225432.5
1765555200000,2025-12-12 18:00:00,1.536,1.542,1.523,1.528,150958.8
1765556100000,2025-12-12 18:15:00,1.528,1.539,1.511,1.536,121703.9
1765557000000,2025-12-12 18:30:00,1.536,1.536,1.509,1.519,60303.4
1765557900000,2025-12-12 18:45:00,1.519,1.531,1.513,1.526,38737.1
1765558800000,2025-12-12 19:00:00,1.526,1.546,1.525,1.541,37931.7
1765559700000,2025-12-12 19:15:00,1.541,1.551,1.529,1.529,53657.9
1765560600000,2025-12-12 19:30:00,1.529,1.535,1.528,1.533,19756.1
1765561500000,2025-12-12 19:45:00,1.533,1.538,1.52,1.525,107026.4
1765562400000,2025-12-12 20:00:00,1.525,1.542,1.523,1.538,45342.9
1765563300000,2025-12-12 20:15:00,1.538,1.542,1.527,1.536,39653.9
1765564200000,2025-12-12 20:30:00,1.536,1.545,1.535,1.54,49248.2
1765565100000,2025-12-12 20:45:00,1.54,1.543,1.527,1.528,89395.7
1765566000000,2025-12-12 21:00:00,1.528,1.529,1.515,1.517,73783.6
1765566900000,2025-12-12 21:15:00,1.517,1.525,1.517,1.52,56435.8
1765567800000,2025-12-12 21:30:00,1.52,1.525,1.518,1.518,20092.1
1765568700000,2025-12-12 21:45:00,1.518,1.522,1.513,1.521,56108.8
1765569600000,2025-12-12 22:00:00,1.521,1.524,1.516,1.519,74324.3
1765570500000,2025-12-12 22:15:00,1.519,1.527,1.519,1.52,33791.0
1765571400000,2025-12-12 22:30:00,1.52,1.524,1.519,1.522,30323.5
1765572300000,2025-12-12 22:45:00,1.522,1.529,1.522,1.527,45169.6
1765573200000,2025-12-12 23:00:00,1.527,1.537,1.527,1.534,36730.2
1765574100000,2025-12-12 23:15:00,1.534,1.54,1.534,1.539,16677.3
1765575000000,2025-12-12 23:30:00,1.539,1.544,1.539,1.543,14391.0
1765575900000,2025-12-12 23:45:00,1.543,1.548,1.537,1.542,228338.3
1765576800000,2025-12-13 00:00:00,1.542,1.549,1.539,1.546,168712.4
1765577700000,2025-12-13 00:15:00,1.546,1.549,1.544,1.546,14431.1
1765578600000,2025-12-13 00:30:00,1.546,1.553,1.543,1.549,13859.4
1765579500000,2025-12-13 00:45:00,1.549,1.549,1.542,1.543,13892.7
1765580400000,2025-12-13 01:00:00,1.543,1.55,1.543,1.548,11154.5
1765581300000,2025-12-13 01:15:00,1.548,1.548,1.544,1.544,4368.2
1765582200000,2025-12-13 01:30:00,1.544,1.547,1.544,1.546,3881.7
1765583100000,2025-12-13 01:45:00,1.546,1.548,1.545,1.546,4040.9
1765584000000,2025-12-13 02:00:00,1.546,1.559,1.546,1.555,32461.8
1765584900000,2025-12-13 02:15:00,1.555,1.555,1.548,1.549,32632.2
1765585800000,2025-12-13 02:30:00,1.549,1.553,1.549,1.55,6228.3
1765586700000,2025-12-13 02:45:00,1.55,1.55,1.546,1.549,3469.5
1765587600000,2025-12-13 03:00:00,1.549,1.551,1.547,1.547,16924.8
1765588500000,2025-12-13 03:15:00,1.547,1.55,1.547,1.55,2854.7
1765589400000,2025-12-13 03:30:00,1.55,1.55,1.544,1.546,4510.4
1765590300000,2025-12-13 03:45:00,1.546,1.547,1.544,1.546,14484.6
1765591200000,2025-12-13 04:00:00,1.546,1.551,1.545,1.546,6268.3
1765592100000,2025-12-13 04:15:00,1.546,1.549,1.546,1.547,3231.8
1765593000000,2025-12-13 04:30:00,1.547,1.548,1.546,1.546,7894.2
1765593900000,2025-12-13 04:45:00,1.546,1.546,1.543,1.545,9515.7
1765594800000,2025-12-13 05:00:00,1.545,1.545,1.543,1.545,2678.9
1765595700000,2025-12-13 05:15:00,1.545,1.55,1.545,1.55,3673.4
1765596600000,2025-12-13 05:30:00,1.55,1.557,1.55,1.556,9943.5
1765597500000,2025-12-13 05:45:00,1.556,1.56,1.554,1.554,9817.0
1765598400000,2025-12-13 06:00:00,1.554,1.556,1.552,1.554,14329.5
1765599300000,2025-12-13 06:15:00,1.554,1.56,1.553,1.558,7080.3
1765600200000,2025-12-13 06:30:00,1.558,1.558,1.556,1.558,4205.1
1765601100000,2025-12-13 06:45:00,1.558,1.558,1.557,1.557,4018.5
1765602000000,2025-12-13 07:00:00,1.557,1.559,1.557,1.557,3937.8
1765602900000,2025-12-13 07:15:00,1.557,1.557,1.55,1.55,8952.8
1765603800000,2025-12-13 07:30:00,1.55,1.55,1.547,1.548,11860.5
1765604700000,2025-12-13 07:45:00,1.548,1.55,1.548,1.55,3463.5
1765605600000,2025-12-13 08:00:00,1.55,1.551,1.546,1.547,5945.6
1765606500000,2025-12-13 08:15:00,1.547,1.547,1.538,1.539,60454.9
1765607400000,2025-12-13 08:30:00,1.539,1.545,1.539,1.542,9353.3
1765608300000,2025-12-13 08:45:00,1.542,1.545,1.541,1.543,6093.6
1765609200000,2025-12-13 09:00:00,1.543,1.545,1.542,1.543,4134.6
1765610100000,2025-12-13 09:15:00,1.543,1.548,1.543,1.547,9518.1
1765611000000,2025-12-13 09:30:00,1.547,1.548,1.544,1.544,3628.0
1765611900000,2025-12-13 09:45:00,1.544,1.547,1.542,1.545,3403.8
1765612800000,2025-12-13 10:00:00,1.545,1.548,1.545,1.546,7727.6
1765613700000,2025-12-13 10:15:00,1.546,1.56,1.546,1.554,22952.4
1765614600000,2025-12-13 10:30:00,1.554,1.555,1.55,1.55,7199.8
1765615500000,2025-12-13 10:45:00,1.55,1.553,1.549,1.55,3682.8
1765616400000,2025-12-13 11:00:00,1.55,1.553,1.549,1.551,7462.3
1765617300000,2025-12-13 11:15:00,1.551,1.552,1.548,1.549,4385.7
1765618200000,2025-12-13 11:30:00,1.549,1.554,1.549,1.553,4185.8
1765619100000,2025-12-13 11:45:00,1.553,1.557,1.551,1.553,9539.7
1765620000000,2025-12-13 12:00:00,1.553,1.554,1.55,1.553,8456.6
1765620900000,2025-12-13 12:15:00,1.553,1.56,1.553,1.559,3721.9
1765621800000,2025-12-13 12:30:00,1.559,1.566,1.559,1.566,13308.3
1765622700000,2025-12-13 12:45:00,1.566,1.566,1.562,1.563,3955.8
1765623600000,2025-12-13 13:00:00,1.563,1.564,1.561,1.561,6438.2
1765624500000,2025-12-13 13:15:00,1.561,1.561,1.558,1.56,5732.1
1765625400000,2025-12-13 13:30:00,1.56,1.56,1.556,1.557,3498.6
1765626300000,2025-12-13 13:45:00,1.557,1.561,1.557,1.558,6020.1
1765627200000,2025-12-13 14:00:00,1.558,1.567,1.558,1.565,13747.4
1765628100000,2025-12-13 14:15:00,1.565,1.568,1.562,1.563,5768.8
1765629000000,2025-12-13 14:30:00,1.563,1.566,1.558,1.558,6506.5
1765629900000,2025-12-13 14:45:00,1.558,1.565,1.558,1.564,2033.4
1765630800000,2025-12-13 15:00:00,1.564,1.565,1.561,1.561,2868.1
1765631700000,2025-12-13 15:15:00,1.561,1.567,1.56,1.56,26288.9
1765632600000,2025-12-13 15:30:00,1.56,1.565,1.559,1.562,7552.8
1765633500000,2025-12-13 15:45:00,1.562,1.565,1.56,1.563,37340.8
1765634400000,2025-12-13 16:00:00,1.563,1.568,1.561,1.567,13190.2
1765635300000,2025-12-13 16:15:00,1.567,1.567,1.554,1.555,116338.6
1765636200000,2025-12-13 16:30:00,1.555,1.562,1.555,1.559,8923.7
1765637100000,2025-12-13 16:45:00,1.559,1.561,1.559,1.56,4019.7
1765638000000,2025-12-13 17:00:00,1.56,1.566,1.559,1.564,15225.8
1765638900000,2025-12-13 17:15:00,1.564,1.565,1.562,1.565,6425.9
1765639800000,2025-12-13 17:30:00,1.565,1.566,1.556,1.557,21541.0
1765640700000,2025-12-13 17:45:00,1.557,1.557,1.553,1.556,8778.5
1765641600000,2025-12-13 18:00:00,1.556,1.56,1.556,1.56,6741.5
1765642500000,2025-12-13 18:15:00,1.56,1.56,1.556,1.557,4714.3
1765643400000,2025-12-13 18:30:00,1.557,1.559,1.556,1.557,6003.4
1765644300000,2025-12-13 18:45:00,1.557,1.557,1.554,1.555,2075.3
1765645200000,2025-12-13 19:00:00,1.555,1.557,1.55,1.553,5602.6
1765646100000,2025-12-13 19:15:00,1.553,1.553,1.548,1.549,7537.0
1765647000000,2025-12-13 19:30:00,1.549,1.554,1.549,1.554,3981.3
1765647900000,2025-12-13 19:45:00,1.554,1.554,1.551,1.552,1912.3
1765648800000,2025-12-13 20:00:00,1.552,1.554,1.551,1.554,8377.3
1765649700000,2025-12-13 20:15:00,1.554,1.555,1.55,1.553,37140.4
1765650600000,2025-12-13 20:30:00,1.553,1.553,1.55,1.551,5540.8
1765651500000,2025-12-13 20:45:00,1.551,1.551,1.547,1.548,3092.4
1765652400000,2025-12-13 21:00:00,1.548,1.554,1.548,1.553,6352.3
1765653300000,2025-12-13 21:15:00,1.553,1.555,1.552,1.553,4450.5
1765654200000,2025-12-13 21:30:00,1.553,1.558,1.553,1.558,28469.4
1765655100000,2025-12-13 21:45:00,1.558,1.558,1.554,1.554,5612.8
1765656000000,2025-12-13 22:00:00,1.554,1.556,1.551,1.552,33889.7
1765656900000,2025-12-13 22:15:00,1.552,1.552,1.551,1.552,1147.8
1765657800000,2025-12-13 22:30:00,1.552,1.552,1.55,1.551,10147.8
1765658700000,2025-12-13 22:45:00,1.551,1.554,1.551,1.551,1982.3
1765659600000,2025-12-13 23:00:00,1.551,1.552,1.546,1.546,6636.9
1765660500000,2025-12-13 23:15:00,1.546,1.547,1.545,1.546,3004.3
1765661400000,2025-12-13 23:30:00,1.546,1.546,1.538,1.545,24524.7
1765662300000,2025-12-13 23:45:00,1.545,1.549,1.543,1.547,6726.5
1765663200000,2025-12-14 00:00:00,1.547,1.551,1.542,1.545,80076.2
1765664100000,2025-12-14 00:15:00,1.545,1.548,1.545,1.547,3956.5
1765665000000,2025-12-14 00:30:00,1.547,1.551,1.545,1.549,8929.4
1765665900000,2025-12-14 00:45:00,1.549,1.55,1.546,1.547,3995.1
1765666800000,2025-12-14 01:00:00,1.547,1.548,1.546,1.547,5386.1
1765667700000,2025-12-14 01:15:00,1.547,1.551,1.544,1.551,8588.9
1765668600000,2025-12-14 01:30:00,1.551,1.553,1.55,1.551,10837.2
1765669500000,2025-12-14 01:45:00,1.551,1.552,1.549,1.552,5740.7
1765670400000,2025-12-14 02:00:00,1.552,1.553,1.546,1.551,15250.4
1765671300000,2025-12-14 02:15:00,1.551,1.553,1.549,1.552,8000.3
1765672200000,2025-12-14 02:30:00,1.552,1.555,1.55,1.551,8018.7
1765673100000,2025-12-14 02:45:00,1.551,1.554,1.55,1.55,11631.8
1765674000000,2025-12-14 03:00:00,1.55,1.556,1.55,1.555,12439.9
1765674900000,2025-12-14 03:15:00,1.555,1.555,1.551,1.553,11080.7
1765675800000,2025-12-14 03:30:00,1.553,1.553,1.545,1.546,17759.9
1765676700000,2025-12-14 03:45:00,1.546,1.547,1.546,1.547,2250.5
1765677600000,2025-12-14 04:00:00,1.547,1.548,1.544,1.545,2465.9
1765678500000,2025-12-14 04:15:00,1.545,1.55,1.544,1.55,3842.9
1765679400000,2025-12-14 04:30:00,1.55,1.551,1.547,1.548,4668.8
1765680300000,2025-12-14 04:45:00,1.548,1.55,1.548,1.549,1967.8
1765681200000,2025-12-14 05:00:00,1.549,1.55,1.546,1.546,4158.2
1765682100000,2025-12-14 05:15:00,1.546,1.546,1.542,1.544,2780.0
1765683000000,2025-12-14 05:30:00,1.544,1.544,1.54,1.542,4007.6
1765683900000,2025-12-14 05:45:00,1.542,1.545,1.542,1.544,8353.4
1765684800000,2025-12-14 06:00:00,1.544,1.544,1.54,1.542,4918.3
1765685700000,2025-12-14 06:15:00,1.542,1.543,1.539,1.539,8110.2
1765686600000,2025-12-14 06:30:00,1.539,1.54,1.534,1.535,11058.6
1765687500000,2025-12-14 06:45:00,1.535,1.536,1.532,1.533,9352.9
1765688400000,2025-12-14 07:00:00,1.533,1.533,1.524,1.525,12971.7
1765689300000,2025-12-14 07:15:00,1.525,1.528,1.524,1.526,7241.3
1765690200000,2025-12-14 07:30:00,1.526,1.529,1.524,1.527,3812.6
1765691100000,2025-12-14 07:45:00,1.527,1.53,1.527,1.528,1924.2
1765692000000,2025-12-14 08:00:00,1.528,1.528,1.524,1.527,3881.1
1765692900000,2025-12-14 08:15:00,1.527,1.53,1.527,1.527,8269.3
1765693800000,2025-12-14 08:30:00,1.527,1.533,1.527,1.533,5929.4
1765694700000,2025-12-14 08:45:00,1.533,1.533,1.527,1.528,4175.3
1765695600000,2025-12-14 09:00:00,1.528,1.532,1.527,1.53,5846.1
1765696500000,2025-12-14 09:15:00,1.53,1.53,1.529,1.529,1757.1
1765697400000,2025-12-14 09:30:00,1.529,1.529,1.528,1.528,9831.7
1765698300000,2025-12-14 09:45:00,1.528,1.533,1.528,1.532,6421.7
1765699200000,2025-12-14 10:00:00,1.532,1.538,1.531,1.536,17821.4
1765700100000,2025-12-14 10:15:00,1.536,1.536,1.534,1.536,2738.6
1765701000000,2025-12-14 10:30:00,1.536,1.536,1.53,1.531,3531.7
1765701900000,2025-12-14 10:45:00,1.531,1.531,1.528,1.528,4115.6
1765702800000,2025-12-14 11:00:00,1.528,1.532,1.528,1.53,3649.9
1765703700000,2025-12-14 11:15:00,1.53,1.533,1.53,1.531,7282.9
1765704600000,2025-12-14 11:30:00,1.531,1.537,1.53,1.533,6178.2
1765705500000,2025-12-14 11:45:00,1.533,1.537,1.533,1.537,31572.6
1765706400000,2025-12-14 12:00:00,1.537,1.537,1.521,1.527,68417.5
1765707300000,2025-12-14 12:15:00,1.527,1.531,1.523,1.528,18201.5
1765708200000,2025-12-14 12:30:00,1.528,1.528,1.523,1.526,6489.8
1765709100000,2025-12-14 12:45:00,1.526,1.528,1.523,1.524,3044.9
1765710000000,2025-12-14 13:00:00,1.524,1.525,1.518,1.522,31394.8
1765710900000,2025-12-14 13:15:00,1.522,1.522,1.514,1.515,10581.4
1765711800000,2025-12-14 13:30:00,1.515,1.518,1.505,1.508,49331.1
1765712700000,2025-12-14 13:45:00,1.508,1.518,1.501,1.518,53480.6
1765713600000,2025-12-14 14:00:00,1.518,1.518,1.509,1.515,14878.0
1765714500000,2025-12-14 14:15:00,1.515,1.521,1.515,1.516,20366.6
1765715400000,2025-12-14 14:30:00,1.516,1.524,1.515,1.523,11230.9
1765716300000,2025-12-14 14:45:00,1.523,1.526,1.519,1.519,8409.8
1765717200000,2025-12-14 15:00:00,1.519,1.519,1.512,1.514,5779.7
1765718100000,2025-12-14 15:15:00,1.514,1.517,1.512,1.512,6245.9
1765719000000,2025-12-14 15:30:00,1.512,1.517,1.512,1.515,3086.6
1765719900000,2025-12-14 15:45:00,1.515,1.519,1.514,1.519,11193.6
1765720800000,2025-12-14 16:00:00,1.519,1.521,1.516,1.516,13418.6
1765721700000,2025-12-14 16:15:00,1.516,1.516,1.513,1.515,5251.3
1765722600000,2025-12-14 16:30:00,1.515,1.515,1.503,1.503,16262.8
1765723500000,2025-12-14 16:45:00,1.503,1.507,1.5,1.506,19039.3
1765724400000,2025-12-14 17:00:00,1.506,1.509,1.504,1.506,21938.7
1765725300000,2025-12-14 17:15:00,1.506,1.51,1.502,1.506,18981.4
1765726200000,2025-12-14 17:30:00,1.506,1.51,1.506,1.508,3792.4
1765727100000,2025-12-14 17:45:00,1.508,1.508,1.505,1.506,10539.6
1765728000000,2025-12-14 18:00:00,1.506,1.509,1.505,1.508,6880.5
1765728900000,2025-12-14 18:15:00,1.508,1.517,1.508,1.515,11922.6
1765729800000,2025-12-14 18:30:00,1.515,1.515,1.503,1.504,8596.4
1765730700000,2025-12-14 18:45:00,1.504,1.509,1.503,1.509,10855.8
1765731600000,2025-12-14 19:00:00,1.509,1.511,1.489,1.495,47065.8
1765732500000,2025-12-14 19:15:00,1.495,1.498,1.492,1.493,14562.1
1765733400000,2025-12-14 19:30:00,1.493,1.493,1.486,1.492,36172.3
1765734300000,2025-12-14 19:45:00,1.492,1.493,1.487,1.489,22404.1
1765735200000,2025-12-14 20:00:00,1.489,1.496,1.488,1.494,12316.8
1765736100000,2025-12-14 20:15:00,1.494,1.499,1.482,1.483,67665.9
1765737000000,2025-12-14 20:30:00,1.483,1.487,1.481,1.481,18065.5
1765737900000,2025-12-14 20:45:00,1.481,1.491,1.48,1.491,32053.1
1765738800000,2025-12-14 21:00:00,1.491,1.491,1.482,1.484,10374.5
1765739700000,2025-12-14 21:15:00,1.484,1.485,1.48,1.485,12184.8
1765740600000,2025-12-14 21:30:00,1.485,1.487,1.481,1.482,8342.2
1765741500000,2025-12-14 21:45:00,1.482,1.487,1.482,1.487,11310.6
1765742400000,2025-12-14 22:00:00,1.487,1.493,1.474,1.493,77892.8
1765743300000,2025-12-14 22:15:00,1.493,1.494,1.483,1.484,35209.0
1765744200000,2025-12-14 22:30:00,1.484,1.487,1.484,1.486,15126.2
1765745100000,2025-12-14 22:45:00,1.486,1.487,1.482,1.482,3691.7
1765746000000,2025-12-14 23:00:00,1.482,1.482,1.478,1.482,4520.2
1765746900000,2025-12-14 23:15:00,1.482,1.487,1.482,1.484,10510.5
1765747800000,2025-12-14 23:30:00,1.484,1.484,1.48,1.481,12636.2
1765748700000,2025-12-14 23:45:00,1.481,1.481,1.473,1.477,16170.5
1765749600000,2025-12-15 00:00:00,1.477,1.485,1.477,1.482,19715.9
1765750500000,2025-12-15 00:15:00,1.482,1.484,1.477,1.478,5518.2
1765751400000,2025-12-15 00:30:00,1.478,1.478,1.468,1.471,31733.8
1765752300000,2025-12-15 00:45:00,1.471,1.477,1.47,1.477,23641.5
1765753200000,2025-12-15 01:00:00,1.477,1.486,1.471,1.474,41156.5
1765754100000,2025-12-15 01:15:00,1.474,1.479,1.471,1.475,18297.9
1765755000000,2025-12-15 01:30:00,1.475,1.479,1.455,1.477,128820.7
1765755900000,2025-12-15 01:45:00,1.477,1.481,1.475,1.475,23578.0
1765756800000,2025-12-15 02:00:00,1.475,1.486,1.475,1.475,64826.4
1765757700000,2025-12-15 02:15:00,1.475,1.488,1.473,1.486,22575.1
1765758600000,2025-12-15 02:30:00,1.486,1.491,1.478,1.48,32944.5
1765759500000,2025-12-15 02:45:00,1.48,1.488,1.479,1.487,9156.7
1765760400000,2025-12-15 03:00:00,1.487,1.49,1.486,1.49,7932.6
1765761300000,2025-12-15 03:15:00,1.49,1.491,1.487,1.489,8990.8
1765762200000,2025-12-15 03:30:00,1.489,1.51,1.489,1.501,49253.4
1765763100000,2025-12-15 03:45:00,1.501,1.511,1.501,1.51,19064.9
1765764000000,2025-12-15 04:00:00,1.51,1.516,1.509,1.513,22856.7
1765764900000,2025-12-15 04:15:00,1.513,1.528,1.513,1.521,64388.5
1765765800000,2025-12-15 04:30:00,1.521,1.521,1.51,1.511,9784.4
1765766700000,2025-12-15 04:45:00,1.511,1.511,1.505,1.505,10157.3
1765767600000,2025-12-15 05:00:00,1.505,1.509,1.5,1.501,11764.9
1765768500000,2025-12-15 05:15:00,1.501,1.507,1.501,1.505,2758.4
1765769400000,2025-12-15 05:30:00,1.505,1.505,1.5,1.5,12713.4
1765770300000,2025-12-15 05:45:00,1.5,1.503,1.5,1.503,14363.2
1765771200000,2025-12-15 06:00:00,1.503,1.51,1.502,1.508,10750.2
1765772100000,2025-12-15 06:15:00,1.508,1.509,1.502,1.504,5122.9
1765773000000,2025-12-15 06:30:00,1.504,1.511,1.503,1.51,7501.0
1765773900000,2025-12-15 06:45:00,1.51,1.516,1.51,1.514,16778.2
1765774800000,2025-12-15 07:00:00,1.514,1.517,1.511,1.517,7804.7
1765775700000,2025-12-15 07:15:00,1.517,1.519,1.515,1.518,12029.4
1765776600000,2025-12-15 07:30:00,1.518,1.518,1.514,1.516,11359.0
1765777500000,2025-12-15 07:45:00,1.516,1.516,1.513,1.516,18465.5
1765778400000,2025-12-15 08:00:00,1.516,1.517,1.511,1.514,4264.4
1765779300000,2025-12-15 08:15:00,1.514,1.516,1.513,1.514,3008.1
1765780200000,2025-12-15 08:30:00,1.514,1.516,1.513,1.515,2629.5
1765781100000,2025-12-15 08:45:00,1.515,1.524,1.515,1.518,14799.9
1765782000000,2025-12-15 09:00:00,1.518,1.52,1.511,1.512,20329.6
1765782900000,2025-12-15 09:15:00,1.512,1.513,1.51,1.511,3242.1
1765783800000,2025-12-15 09:30:00,1.511,1.512,1.508,1.508,10453.8
1765784700000,2025-12-15 09:45:00,1.508,1.512,1.508,1.512,3858.0
1765785600000,2025-12-15 10:00:00,1.512,1.516,1.51,1.51,10449.9
1765786500000,2025-12-15 10:15:00,1.51,1.518,1.51,1.514,10227.0
1765787400000,2025-12-15 10:30:00,1.514,1.514,1.509,1.511,9598.6
1765788300000,2025-12-15 10:45:00,1.511,1.512,1.509,1.51,6100.1
1765789200000,2025-12-15 11:00:00,1.51,1.516,1.509,1.512,7768.8
1765790100000,2025-12-15 11:15:00,1.512,1.516,1.511,1.511,44672.4
1765791000000,2025-12-15 11:30:00,1.511,1.513,1.508,1.511,24485.1
1765791900000,2025-12-15 11:45:00,1.511,1.517,1.51,1.513,6461.9
1765792800000,2025-12-15 12:00:00,1.513,1.517,1.513,1.514,35442.9
1765793700000,2025-12-15 12:15:00,1.514,1.517,1.51,1.516,19521.8
1765794600000,2025-12-15 12:30:00,1.516,1.519,1.509,1.509,20688.0
1765795500000,2025-12-15 12:45:00,1.509,1.511,1.509,1.51,6927.4
1765796400000,2025-12-15 13:00:00,1.51,1.514,1.508,1.513,18995.2
1765797300000,2025-12-15 13:15:00,1.513,1.513,1.509,1.511,4244.9
1765798200000,2025-12-15 13:30:00,1.511,1.512,1.503,1.504,10654.7
1765799100000,2025-12-15 13:45:00,1.504,1.509,1.503,1.509,11041.7
1765800000000,2025-12-15 14:00:00,1.509,1.51,1.506,1.509,14541.3
1765800900000,2025-12-15 14:15:00,1.509,1.514,1.509,1.511,6324.7
1765801800000,2025-12-15 14:30:00,1.511,1.517,1.511,1.516,23737.8
1765802700000,2025-12-15 14:45:00,1.516,1.516,1.514,1.515,5289.5
1765803600000,2025-12-15 15:00:00,1.515,1.519,1.509,1.513,72634.1
1765804500000,2025-12-15 15:15:00,1.513,1.514,1.506,1.506,14034.4
1765805400000,2025-12-15 15:30:00,1.506,1.508,1.498,1.506,30681.8
1765806300000,2025-12-15 15:45:00,1.506,1.509,1.502,1.502,34616.1
1765807200000,2025-12-15 16:00:00,1.502,1.508,1.5,1.508,13249.6
1765808100000,2025-12-15 16:15:00,1.508,1.517,1.501,1.504,14125.3
1765809000000,2025-12-15 16:30:00,1.504,1.513,1.495,1.502,50886.7
1765809900000,2025-12-15 16:45:00,1.502,1.503,1.461,1.473,228716.1
1765810800000,2025-12-15 17:00:00,1.473,1.474,1.441,1.454,339479.2
1765811700000,2025-12-15 17:15:00,1.454,1.454,1.414,1.421,310825.3
1765812600000,2025-12-15 17:30:00,1.421,1.434,1.411,1.43,120403.0
1765813500000,2025-12-15 17:45:00,1.43,1.438,1.419,1.426,56656.1
1765814400000,2025-12-15 18:00:00,1.426,1.426,1.406,1.415,206524.9
1765815300000,2025-12-15 18:15:00,1.415,1.423,1.413,1.414,30202.8
1765816200000,2025-12-15 18:30:00,1.414,1.415,1.395,1.401,116507.1
1765817100000,2025-12-15 18:45:00,1.401,1.409,1.398,1.402,59202.5
1765818000000,2025-12-15 19:00:00,1.402,1.407,1.399,1.4,69129.9
1765818900000,2025-12-15 19:15:00,1.4,1.401,1.381,1.386,220876.2
1765819800000,2025-12-15 19:30:00,1.386,1.391,1.376,1.385,116520.9
1765820700000,2025-12-15 19:45:00,1.385,1.386,1.375,1.377,56617.1
1765821600000,2025-12-15 20:00:00,1.377,1.38,1.368,1.378,96638.8
1765822500000,2025-12-15 20:15:00,1.378,1.381,1.37,1.373,31155.6
1765823400000,2025-12-15 20:30:00,1.373,1.376,1.355,1.37,133467.9
1765824300000,2025-12-15 20:45:00,1.37,1.386,1.37,1.385,31419.3
1765825200000,2025-12-15 21:00:00,1.385,1.402,1.383,1.388,45125.8
1765826100000,2025-12-15 21:15:00,1.388,1.4,1.387,1.394,20443.0
1765827000000,2025-12-15 21:30:00,1.394,1.398,1.394,1.394,11896.3
1765827900000,2025-12-15 21:45:00,1.394,1.394,1.385,1.39,55819.5
1765828800000,2025-12-15 22:00:00,1.39,1.39,1.376,1.377,34198.9
1765829700000,2025-12-15 22:15:00,1.377,1.378,1.369,1.373,50955.6
1765830600000,2025-12-15 22:30:00,1.373,1.389,1.371,1.385,57958.5
1765831500000,2025-12-15 22:45:00,1.385,1.385,1.378,1.378,86392.3
1765832400000,2025-12-15 23:00:00,1.378,1.384,1.376,1.382,86804.3
1765833300000,2025-12-15 23:15:00,1.382,1.392,1.381,1.391,23456.2
1765834200000,2025-12-15 23:30:00,1.391,1.395,1.387,1.387,12818.6
1765835100000,2025-12-15 23:45:00,1.387,1.391,1.387,1.39,10557.8
1765836000000,2025-12-16 00:00:00,1.39,1.393,1.387,1.387,25594.3
1765836900000,2025-12-16 00:15:00,1.387,1.388,1.383,1.387,11097.2
1765837800000,2025-12-16 00:30:00,1.387,1.387,1.38,1.38,24119.0
1765838700000,2025-12-16 00:45:00,1.38,1.392,1.38,1.392,10907.0
1765839600000,2025-12-16 01:00:00,1.392,1.402,1.392,1.402,25635.1
1765840500000,2025-12-16 01:15:00,1.402,1.402,1.396,1.397,10531.8
1765841400000,2025-12-16 01:30:00,1.397,1.406,1.397,1.404,9622.8
1765842300000,2025-12-16 01:45:00,1.404,1.406,1.399,1.404,16502.3
1765843200000,2025-12-16 02:00:00,1.404,1.406,1.401,1.401,15033.6
1765844100000,2025-12-16 02:15:00,1.401,1.405,1.398,1.404,19361.9
1765845000000,2025-12-16 02:30:00,1.404,1.404,1.393,1.395,12801.6
1765845900000,2025-12-16 02:45:00,1.395,1.395,1.386,1.387,21893.5
1765846800000,2025-12-16 03:00:00,1.387,1.4,1.386,1.397,20767.3
1765847700000,2025-12-16 03:15:00,1.397,1.398,1.389,1.39,11657.3
1765848600000,2025-12-16 03:30:00,1.39,1.396,1.387,1.391,16838.8
1765849500000,2025-12-16 03:45:00,1.391,1.397,1.39,1.396,12115.5
1765850400000,2025-12-16 04:00:00,1.396,1.397,1.389,1.397,15602.2
1765851300000,2025-12-16 04:15:00,1.397,1.41,1.395,1.409,14354.8
1765852200000,2025-12-16 04:30:00,1.409,1.41,1.404,1.405,15076.8
1765853100000,2025-12-16 04:45:00,1.405,1.408,1.403,1.406,16106.4
1765854000000,2025-12-16 05:00:00,1.406,1.41,1.399,1.4,17636.4
1765854900000,2025-12-16 05:15:00,1.4,1.406,1.4,1.403,18067.6
1765855800000,2025-12-16 05:30:00,1.403,1.407,1.395,1.405,14884.7
1765856700000,2025-12-16 05:45:00,1.405,1.407,1.404,1.406,12134.3
1765857600000,2025-12-16 06:00:00,1.406,1.409,1.4,1.4,9000.5
1765858500000,2025-12-16 06:15:00,1.4,1.4,1.393,1.393,6745.3
1765859400000,2025-12-16 06:30:00,1.393,1.394,1.388,1.388,6923.0
1765860300000,2025-12-16 06:45:00,1.388,1.391,1.374,1.391,59496.6
1765861200000,2025-12-16 07:00:00,1.391,1.391,1.387,1.387,14520.4
1765862100000,2025-12-16 07:15:00,1.387,1.39,1.386,1.388,6883.5
1765863000000,2025-12-16 07:30:00,1.388,1.393,1.388,1.391,7882.7
1765863900000,2025-12-16 07:45:00,1.391,1.393,1.386,1.388,8396.9
1765864800000,2025-12-16 08:00:00,1.388,1.393,1.387,1.39,5956.7
1765865700000,2025-12-16 08:15:00,1.39,1.4,1.39,1.4,5673.2
1765866600000,2025-12-16 08:30:00,1.4,1.402,1.399,1.401,8244.4
1765867500000,2025-12-16 08:45:00,1.401,1.403,1.399,1.401,6943.3
1765868400000,2025-12-16 09:00:00,1.401,1.406,1.397,1.397,7331.9
1765869300000,2025-12-16 09:15:00,1.397,1.397,1.387,1.387,11472.5
1765870200000,2025-12-16 09:30:00,1.387,1.391,1.377,1.378,26401.4
1765871100000,2025-12-16 09:45:00,1.378,1.385,1.378,1.384,11071.3
1765872000000,2025-12-16 10:00:00,1.384,1.392,1.383,1.389,10612.8
1765872900000,2025-12-16 10:15:00,1.389,1.392,1.387,1.392,8487.2
1765873800000,2025-12-16 10:30:00,1.392,1.392,1.385,1.391,5068.0
1765874700000,2025-12-16 10:45:00,1.391,1.394,1.386,1.389,15433.7
1765875600000,2025-12-16 11:00:00,1.389,1.39,1.384,1.386,9730.6
1765876500000,2025-12-16 11:15:00,1.386,1.387,1.381,1.382,16024.9
1765877400000,2025-12-16 11:30:00,1.382,1.386,1.38,1.386,14408.4
1765878300000,2025-12-16 11:45:00,1.386,1.387,1.384,1.385,6138.4
1765879200000,2025-12-16 12:00:00,1.385,1.389,1.384,1.388,6779.1
1765880100000,2025-12-16 12:15:00,1.388,1.392,1.386,1.389,11137.5
1765881000000,2025-12-16 12:30:00,1.389,1.414,1.389,1.411,34143.1
1765881900000,2025-12-16 12:45:00,1.411,1.42,1.405,1.41,14151.5
1765882800000,2025-12-16 13:00:00,1.41,1.41,1.405,1.408,41916.4
1765883700000,2025-12-16 13:15:00,1.408,1.418,1.408,1.418,22245.7
1765884600000,2025-12-16 13:30:00,1.418,1.421,1.412,1.414,12673.9
1765885500000,2025-12-16 13:45:00,1.414,1.42,1.413,1.419,8097.2
1765886400000,2025-12-16 14:00:00,1.419,1.423,1.418,1.42,14952.2
1765887300000,2025-12-16 14:15:00,1.42,1.423,1.415,1.415,12422.5
1765888200000,2025-12-16 14:30:00,1.415,1.415,1.406,1.408,11985.1
1765889100000,2025-12-16 14:45:00,1.408,1.414,1.405,1.409,8352.9
1765890000000,2025-12-16 15:00:00,1.409,1.409,1.402,1.405,6830.7
1765890900000,2025-12-16 15:15:00,1.405,1.418,1.404,1.417,15420.5
1765891800000,2025-12-16 15:30:00,1.417,1.434,1.395,1.402,189221.3
1765892700000,2025-12-16 15:45:00,1.402,1.406,1.392,1.392,34230.2
1765893600000,2025-12-16 16:00:00,1.392,1.407,1.382,1.401,92216.3
1765894500000,2025-12-16 16:15:00,1.401,1.41,1.397,1.405,34203.0
1765895400000,2025-12-16 16:30:00,1.405,1.418,1.401,1.403,77787.1
1765896300000,2025-12-16 16:45:00,1.403,1.421,1.394,1.411,86131.4
1765897200000,2025-12-16 17:00:00,1.411,1.415,1.4,1.409,33079.6
1765898100000,2025-12-16 17:15:00,1.409,1.409,1.398,1.406,26595.6
1765899000000,2025-12-16 17:30:00,1.406,1.415,1.404,1.414,26016.3
1765899900000,2025-12-16 17:45:00,1.414,1.439,1.413,1.434,94199.3
1765900800000,2025-12-16 18:00:00,1.434,1.441,1.428,1.431,86046.1
1765901700000,2025-12-16 18:15:00,1.431,1.439,1.428,1.431,70516.9
1765902600000,2025-12-16 18:30:00,1.431,1.433,1.414,1.418,54035.3
1765903500000,2025-12-16 18:45:00,1.418,1.427,1.417,1.422,14271.0
1765904400000,2025-12-16 19:00:00,1.422,1.431,1.422,1.428,16577.9
1765905300000,2025-12-16 19:15:00,1.428,1.43,1.414,1.415,7971.8
1765906200000,2025-12-16 19:30:00,1.415,1.419,1.406,1.409,36492.7
1765907100000,2025-12-16 19:45:00,1.409,1.41,1.399,1.401,42113.9
1765908000000,2025-12-16 20:00:00,1.401,1.411,1.398,1.408,28323.7
1765908900000,2025-12-16 20:15:00,1.408,1.409,1.4,1.4,20742.4
1765909800000,2025-12-16 20:30:00,1.4,1.414,1.4,1.413,58759.5
1765910700000,2025-12-16 20:45:00,1.413,1.422,1.411,1.412,28493.5
1765911600000,2025-12-16 21:00:00,1.412,1.413,1.397,1.399,17198.7
1765912500000,2025-12-16 21:15:00,1.399,1.402,1.396,1.4,49114.6
1765913400000,2025-12-16 21:30:00,1.4,1.405,1.399,1.404,15663.1
1765914300000,2025-12-16 21:45:00,1.404,1.414,1.402,1.407,12105.6
1765915200000,2025-12-16 22:00:00,1.407,1.415,1.407,1.414,28763.3
1765916100000,2025-12-16 22:15:00,1.414,1.415,1.409,1.412,16391.5
1765917000000,2025-12-16 22:30:00,1.412,1.417,1.41,1.411,15676.1
1765917900000,2025-12-16 22:45:00,1.411,1.411,1.399,1.404,40290.2
1765918800000,2025-12-16 23:00:00,1.404,1.407,1.402,1.407,18104.3
1765919700000,2025-12-16 23:15:00,1.407,1.407,1.4,1.404,5603.1
1765920600000,2025-12-16 23:30:00,1.404,1.411,1.403,1.41,9698.1
1765921500000,2025-12-16 23:45:00,1.41,1.411,1.409,1.409,3398.1
