timestamp,datetime,open,high,low,close,volume
1763330400000,2025-11-17 00:00:00,0.7071,0.7172,0.7025,0.7147,259472.4
1763334000000,2025-11-17 01:00:00,0.7147,0.7215,0.7031,0.7179,176477.8
1763337600000,2025-11-17 02:00:00,0.7179,0.7287,0.7125,0.728,254935.6
1763341200000,2025-11-17 03:00:00,0.728,0.7305,0.7253,0.7267,189962.8
1763344800000,2025-11-17 04:00:00,0.7267,0.7344,0.7251,0.7342,182170.5
1763348400000,2025-11-17 05:00:00,0.7342,0.7399,0.7342,0.7398,86984.0
1763352000000,2025-11-17 06:00:00,0.7398,0.7441,0.7372,0.7401,119204.7
1763355600000,2025-11-17 07:00:00,0.7401,0.7411,0.7372,0.7398,57816.0
1763359200000,2025-11-17 08:00:00,0.7398,0.7495,0.7396,0.7485,194945.5
1763362800000,2025-11-17 09:00:00,0.7485,0.7531,0.7465,0.7484,141323.5
1763366400000,2025-11-17 10:00:00,0.7484,0.7523,0.7472,0.7486,139749.1
1763370000000,2025-11-17 11:00:00,0.7486,0.7527,0.7457,0.749,70243.2
1763373600000,2025-11-17 12:00:00,0.749,0.7523,0.7486,0.7501,55643.6
1763377200000,2025-11-17 13:00:00,0.7501,0.7533,0.7481,0.7494,45079.9
1763380800000,2025-11-17 14:00:00,0.7494,0.7512,0.7462,0.7466,66740.3
1763384400000,2025-11-17 15:00:00,0.7466,0.748,0.7258,0.7316,230835.8
1763388000000,2025-11-17 16:00:00,0.7316,0.7574,0.7287,0.7408,325576.5
1763391600000,2025-11-17 17:00:00,0.7408,0.7446,0.7283,0.7306,162451.8
1763395200000,2025-11-17 18:00:00,0.7306,0.7309,0.7161,0.7299,315992.6
1763398800000,2025-11-17 19:00:00,0.7299,0.7306,0.7124,0.7143,261342.3
1763402400000,2025-11-17 20:00:00,0.7143,0.721,0.7098,0.716,497547.6
1763406000000,2025-11-17 21:00:00,0.716,0.7196,0.7062,0.7077,388106.5
1763409600000,2025-11-17 22:00:00,0.7077,0.7163,0.7036,0.7131,442264.5
1763413200000,2025-11-17 23:00:00,0.7131,0.7176,0.7085,0.7137,324942.0
1763416800000,2025-11-18 00:00:00,0.7137,0.7168,0.7111,0.7129,178286.4
1763420400000,2025-11-18 01:00:00,0.7129,0.7141,0.7081,0.712,106347.6
1763424000000,2025-11-18 02:00:00,0.712,0.7148,0.702,0.7141,246951.7
1763427600000,2025-11-18 03:00:00,0.7141,0.7169,0.7117,0.7135,140275.6
1763431200000,2025-11-18 04:00:00,0.7135,0.7204,0.705,0.7072,371797.1
1763434800000,2025-11-18 05:00:00,0.7072,0.7172,0.6995,0.715,486239.7
1763438400000,2025-11-18 06:00:00,0.715,0.7165,0.7039,0.7152,470952.5
1763442000000,2025-11-18 07:00:00,0.7152,0.7191,0.7096,0.7133,261966.4
1763445600000,2025-11-18 08:00:00,0.7133,0.7133,0.7032,0.7044,197473.5
1763449200000,2025-11-18 09:00:00,0.7044,0.7069,0.6901,0.6905,913672.3
1763452800000,2025-11-18 10:00:00,0.6905,0.7156,0.6897,0.7116,526381.8
1763456400000,2025-11-18 11:00:00,0.7116,0.7156,0.7087,0.7153,199831.6
1763460000000,2025-11-18 12:00:00,0.7153,0.717,0.7134,0.7163,159606.3
1763463600000,2025-11-18 13:00:00,0.7163,0.7164,0.7127,0.7139,76154.1
1763467200000,2025-11-18 14:00:00,0.7139,0.7161,0.7086,0.7139,206597.8
1763470800000,2025-11-18 15:00:00,0.7139,0.7139,0.7082,0.713,112512.7
1763474400000,2025-11-18 16:00:00,0.713,0.7256,0.7118,0.7159,489726.6
1763478000000,2025-11-18 17:00:00,0.7159,0.7347,0.7121,0.7299,589547.5
1763481600000,2025-11-18 18:00:00,0.7299,0.7425,0.7283,0.7392,344700.7
1763485200000,2025-11-18 19:00:00,0.7392,0.7404,0.734,0.7376,139039.5
1763488800000,2025-11-18 20:00:00,0.7376,0.7446,0.7374,0.7413,132741.1
1763492400000,2025-11-18 21:00:00,0.7413,0.7437,0.7381,0.7401,127302.1
1763496000000,2025-11-18 22:00:00,0.7401,0.7416,0.7353,0.7358,117206.6
1763499600000,2025-11-18 23:00:00,0.7358,0.7359,0.7274,0.7276,123702.8
1763503200000,2025-11-19 00:00:00,0.7276,0.7351,0.7271,0.7334,126723.1
1763506800000,2025-11-19 01:00:00,0.7334,0.7347,0.7301,0.732,60857.0
1763510400000,2025-11-19 02:00:00,0.732,0.7321,0.7242,0.7299,161036.4
1763514000000,2025-11-19 03:00:00,0.7299,0.733,0.7262,0.7298,93079.5
1763517600000,2025-11-19 04:00:00,0.7298,0.734,0.7292,0.7314,42091.4
1763521200000,2025-11-19 05:00:00,0.7314,0.7316,0.7206,0.7225,129264.9
1763524800000,2025-11-19 06:00:00,0.7225,0.7227,0.7155,0.7162,136293.8
1763528400000,2025-11-19 07:00:00,0.7162,0.7167,0.7006,0.7037,618187.5
1763532000000,2025-11-19 08:00:00,0.7037,0.7116,0.702,0.7104,297808.0
1763535600000,2025-11-19 09:00:00,0.7104,0.7191,0.7097,0.7179,210458.8
1763539200000,2025-11-19 10:00:00,0.7179,0.7202,0.713,0.7134,131004.3
1763542800000,2025-11-19 11:00:00,0.7134,0.7156,0.7101,0.7147,150828.2
1763546400000,2025-11-19 12:00:00,0.7147,0.7194,0.7139,0.7151,73619.7
1763550000000,2025-11-19 13:00:00,0.7151,0.7172,0.7135,0.7154,49850.2
1763553600000,2025-11-19 14:00:00,0.7154,0.7205,0.7145,0.7199,295663.0
1763557200000,2025-11-19 15:00:00,0.7199,0.7221,0.7142,0.7156,141190.3
1763560800000,2025-11-19 16:00:00,0.7156,0.7165,0.708,0.715,329320.5
1763564400000,2025-11-19 17:00:00,0.715,0.7235,0.6993,0.6999,340392.1
1763568000000,2025-11-19 18:00:00,0.6999,0.7034,0.6878,0.6923,618404.6
1763571600000,2025-11-19 19:00:00,0.6923,0.6947,0.6803,0.687,492622.7
1763575200000,2025-11-19 20:00:00,0.687,0.6898,0.6776,0.6832,654374.3
1763578800000,2025-11-19 21:00:00,0.6832,0.6856,0.6785,0.6815,298925.5
1763582400000,2025-11-19 22:00:00,0.6815,0.6903,0.679,0.6892,223210.9
1763586000000,2025-11-19 23:00:00,0.6892,0.7033,0.688,0.7014,373826.3
1763589600000,2025-11-20 00:00:00,0.7014,0.7018,0.6918,0.6958,153801.1
1763593200000,2025-11-20 01:00:00,0.6958,0.7039,0.6958,0.7014,191571.2
1763596800000,2025-11-20 02:00:00,0.7014,0.7066,0.6994,0.704,194568.5
1763600400000,2025-11-20 03:00:00,0.704,0.7096,0.7037,0.7083,161108.1
1763604000000,2025-11-20 04:00:00,0.7083,0.7117,0.7077,0.7109,145252.4
1763607600000,2025-11-20 05:00:00,0.7109,0.7194,0.7082,0.7192,393012.1
1763611200000,2025-11-20 06:00:00,0.7192,0.7259,0.7068,0.7148,623242.7
1763614800000,2025-11-20 07:00:00,0.7148,0.7165,0.7118,0.7134,80697.7
1763618400000,2025-11-20 08:00:00,0.7134,0.7151,0.7071,0.7104,108606.9
1763622000000,2025-11-20 09:00:00,0.7104,0.714,0.7082,0.7134,147402.6
1763625600000,2025-11-20 10:00:00,0.7134,0.715,0.7101,0.7123,50884.0
1763629200000,2025-11-20 11:00:00,0.7123,0.7133,0.7052,0.7078,128557.9
1763632800000,2025-11-20 12:00:00,0.7078,0.7096,0.7041,0.7077,119231.5
1763636400000,2025-11-20 13:00:00,0.7077,0.7098,0.7051,0.7091,85680.6
1763640000000,2025-11-20 14:00:00,0.7091,0.7166,0.7074,0.7152,148377.3
1763643600000,2025-11-20 15:00:00,0.7152,0.7187,0.7084,0.7099,392435.4
1763647200000,2025-11-20 16:00:00,0.7099,0.7143,0.7008,0.7097,491546.7
1763650800000,2025-11-20 17:00:00,0.7097,0.7097,0.6956,0.696,358817.0
1763654400000,2025-11-20 18:00:00,0.696,0.6971,0.668,0.6714,1473198.5
1763658000000,2025-11-20 19:00:00,0.6714,0.6738,0.659,0.6658,824185.7
1763661600000,2025-11-20 20:00:00,0.6658,0.6671,0.6527,0.6539,518244.2
1763665200000,2025-11-20 21:00:00,0.6539,0.668,0.6507,0.6676,413686.5
1763668800000,2025-11-20 22:00:00,0.6676,0.6698,0.6613,0.6649,409289.6
1763672400000,2025-11-20 23:00:00,0.6649,0.6816,0.6648,0.6769,325185.4
1763676000000,2025-11-21 00:00:00,0.6769,0.6861,0.6757,0.6848,321653.6
1763679600000,2025-11-21 01:00:00,0.6848,0.6853,0.6637,0.6646,470767.3
1763683200000,2025-11-21 02:00:00,0.6646,0.672,0.6635,0.6701,217604.1
1763686800000,2025-11-21 03:00:00,0.6701,0.6727,0.6652,0.6677,100404.1
1763690400000,2025-11-21 04:00:00,0.6677,0.6678,0.6532,0.6556,129465.0
1763694000000,2025-11-21 05:00:00,0.6556,0.6643,0.6546,0.6605,163819.5
1763697600000,2025-11-21 06:00:00,0.6605,0.6617,0.6538,0.6604,85002.7
1763701200000,2025-11-21 07:00:00,0.6604,0.6631,0.6557,0.6574,68331.1
1763704800000,2025-11-21 08:00:00,0.6574,0.6581,0.6513,0.6535,80013.3
1763708400000,2025-11-21 09:00:00,0.6535,0.6562,0.6007,0.6237,2127392.4
1763712000000,2025-11-21 10:00:00,0.6237,0.6324,0.6192,0.625,1055659.8
1763715600000,2025-11-21 11:00:00,0.625,0.6274,0.6122,0.6127,601532.3
1763719200000,2025-11-21 12:00:00,0.6127,0.6216,0.6111,0.6181,528259.1
1763722800000,2025-11-21 13:00:00,0.6181,0.6247,0.6123,0.6139,294049.0
1763726400000,2025-11-21 14:00:00,0.6139,0.6267,0.5996,0.6213,918939.0
1763730000000,2025-11-21 15:00:00,0.6213,0.6274,0.6183,0.6232,386454.9
1763733600000,2025-11-21 16:00:00,0.6232,0.6315,0.6193,0.6284,772933.1
1763737200000,2025-11-21 17:00:00,0.6284,0.6297,0.6069,0.6104,864074.9
1763740800000,2025-11-21 18:00:00,0.6104,0.6245,0.6015,0.6242,998473.7
1763744400000,2025-11-21 19:00:00,0.6242,0.6319,0.6215,0.6267,747048.3
1763748000000,2025-11-21 20:00:00,0.6267,0.639,0.6167,0.6341,639652.1
1763751600000,2025-11-21 21:00:00,0.6341,0.6375,0.6295,0.6311,153112.0
1763755200000,2025-11-21 22:00:00,0.6311,0.6319,0.6216,0.6268,330170.7
1763758800000,2025-11-21 23:00:00,0.6268,0.6349,0.6237,0.6322,180278.2
1763762400000,2025-11-22 00:00:00,0.6322,0.6347,0.6194,0.6195,222174.9
1763766000000,2025-11-22 01:00:00,0.6195,0.6282,0.616,0.6264,175607.5
1763769600000,2025-11-22 02:00:00,0.6264,0.6294,0.6208,0.622,65711.0
1763773200000,2025-11-22 03:00:00,0.622,0.6269,0.6213,0.626,52853.9
1763776800000,2025-11-22 04:00:00,0.626,0.6274,0.6196,0.6227,40197.0
1763780400000,2025-11-22 05:00:00,0.6227,0.6254,0.6191,0.6216,61890.0
1763784000000,2025-11-22 06:00:00,0.6216,0.6217,0.61,0.6166,205424.0
1763787600000,2025-11-22 07:00:00,0.6166,0.6167,0.6031,0.6068,175872.3
1763791200000,2025-11-22 08:00:00,0.6068,0.6145,0.6028,0.6126,122797.4
1763794800000,2025-11-22 09:00:00,0.6126,0.6145,0.6098,0.612,54080.0
1763798400000,2025-11-22 10:00:00,0.612,0.612,0.6006,0.6017,143168.7
1763802000000,2025-11-22 11:00:00,0.6017,0.6135,0.6017,0.6084,452054.9
1763805600000,2025-11-22 12:00:00,0.6084,0.6113,0.6032,0.6068,271988.5
1763809200000,2025-11-22 13:00:00,0.6068,0.6142,0.6051,0.6101,94041.8
1763812800000,2025-11-22 14:00:00,0.6101,0.6101,0.6026,0.6037,98082.7
1763816400000,2025-11-22 15:00:00,0.6037,0.6058,0.5978,0.6019,198743.3
1763820000000,2025-11-22 16:00:00,0.6019,0.612,0.6017,0.6086,122070.2
1763823600000,2025-11-22 17:00:00,0.6086,0.61,0.6025,0.6067,91327.8
1763827200000,2025-11-22 18:00:00,0.6067,0.6144,0.606,0.6127,151362.2
1763830800000,2025-11-22 19:00:00,0.6127,0.6128,0.6042,0.6051,95967.0
1763834400000,2025-11-22 20:00:00,0.6051,0.6057,0.6014,0.604,72979.4
1763838000000,2025-11-22 21:00:00,0.604,0.605,0.6008,0.6036,45246.7
1763841600000,2025-11-22 22:00:00,0.6036,0.6057,0.5974,0.5988,166160.6
1763845200000,2025-11-22 23:00:00,0.5988,0.6023,0.5984,0.602,67688.7
1763848800000,2025-11-23 00:00:00,0.602,0.6136,0.6002,0.6104,116744.3
1763852400000,2025-11-23 01:00:00,0.6104,0.611,0.6057,0.6057,30335.8
1763856000000,2025-11-23 02:00:00,0.6057,0.6097,0.6051,0.6071,38818.6
1763859600000,2025-11-23 03:00:00,0.6071,0.6163,0.6054,0.6136,435676.4
1763863200000,2025-11-23 04:00:00,0.6136,0.6177,0.6114,0.6139,135960.0
1763866800000,2025-11-23 05:00:00,0.6139,0.6163,0.6122,0.6162,85862.1
1763870400000,2025-11-23 06:00:00,0.6162,0.6218,0.616,0.6174,135727.8
1763874000000,2025-11-23 07:00:00,0.6174,0.6189,0.6159,0.6182,57291.1
1763877600000,2025-11-23 08:00:00,0.6182,0.6193,0.6147,0.6149,48268.8
1763881200000,2025-11-23 09:00:00,0.6149,0.6149,0.6092,0.613,63874.4
1763884800000,2025-11-23 10:00:00,0.613,0.6163,0.613,0.616,82111.9
1763888400000,2025-11-23 11:00:00,0.616,0.6193,0.6157,0.618,28693.3
1763892000000,2025-11-23 12:00:00,0.618,0.618,0.6158,0.6166,63553.2
1763895600000,2025-11-23 13:00:00,0.6166,0.6188,0.6129,0.6179,35463.9
1763899200000,2025-11-23 14:00:00,0.6179,0.6232,0.6179,0.6209,119607.6
1763902800000,2025-11-23 15:00:00,0.6209,0.6243,0.6194,0.6243,68931.1
1763906400000,2025-11-23 16:00:00,0.6243,0.6267,0.6198,0.6201,111272.6
1763910000000,2025-11-23 17:00:00,0.6201,0.6303,0.6197,0.6276,113030.8
1763913600000,2025-11-23 18:00:00,0.6276,0.6311,0.624,0.624,89727.7
1763917200000,2025-11-23 19:00:00,0.624,0.6279,0.6219,0.6256,68640.6
1763920800000,2025-11-23 20:00:00,0.6256,0.6307,0.6256,0.6284,70515.1
1763924400000,2025-11-23 21:00:00,0.6284,0.6345,0.6284,0.6322,107220.3
1763928000000,2025-11-23 22:00:00,0.6322,0.6348,0.6314,0.6321,84471.3
1763931600000,2025-11-23 23:00:00,0.6321,0.6382,0.6292,0.6358,96789.0
1763935200000,2025-11-24 00:00:00,0.6358,0.6371,0.6335,0.6361,77180.0
1763938800000,2025-11-24 01:00:00,0.6361,0.6368,0.626,0.6264,114673.2
1763942400000,2025-11-24 02:00:00,0.6264,0.6286,0.6191,0.6239,137874.2
1763946000000,2025-11-24 03:00:00,0.6239,0.627,0.6211,0.6267,82432.8
1763949600000,2025-11-24 04:00:00,0.6267,0.6413,0.6267,0.6336,261506.9
1763953200000,2025-11-24 05:00:00,0.6336,0.6382,0.6315,0.6341,50083.5
1763956800000,2025-11-24 06:00:00,0.6341,0.6355,0.6242,0.6271,84480.3
1763960400000,2025-11-24 07:00:00,0.6271,0.6412,0.6271,0.6357,207736.3
1763964000000,2025-11-24 08:00:00,0.6357,0.6363,0.629,0.6318,115552.5
1763967600000,2025-11-24 09:00:00,0.6318,0.6345,0.6288,0.631,63170.3
1763971200000,2025-11-24 10:00:00,0.631,0.6332,0.6292,0.6323,43447.7
1763974800000,2025-11-24 11:00:00,0.6323,0.6323,0.6194,0.6225,175342.3
1763978400000,2025-11-24 12:00:00,0.6225,0.6254,0.6217,0.6241,39695.4
1763982000000,2025-11-24 13:00:00,0.6241,0.6262,0.622,0.6252,41683.6
1763985600000,2025-11-24 14:00:00,0.6252,0.6252,0.6217,0.6224,72409.4
1763989200000,2025-11-24 15:00:00,0.6224,0.6292,0.6217,0.6247,53329.0
1763992800000,2025-11-24 16:00:00,0.6247,0.6324,0.6172,0.6282,214775.4
1763996400000,2025-11-24 17:00:00,0.6282,0.6368,0.6278,0.6343,145453.1
1764000000000,2025-11-24 18:00:00,0.6343,0.645,0.6343,0.6403,172785.8
1764003600000,2025-11-24 19:00:00,0.6403,0.6521,0.6392,0.6513,283229.1
1764007200000,2025-11-24 20:00:00,0.6513,0.6559,0.6478,0.649,194685.7
1764010800000,2025-11-24 21:00:00,0.649,0.6517,0.647,0.6479,50521.3
1764014400000,2025-11-24 22:00:00,0.6479,0.6521,0.6469,0.65,147175.5
1764018000000,2025-11-24 23:00:00,0.65,0.6509,0.6446,0.6466,39761.4
1764021600000,2025-11-25 00:00:00,0.6466,0.6503,0.6449,0.6464,34060.6
1764025200000,2025-11-25 01:00:00,0.6464,0.6464,0.642,0.6425,21888.9
1764028800000,2025-11-25 02:00:00,0.6425,0.6433,0.6381,0.6407,90647.9
1764032400000,2025-11-25 03:00:00,0.6407,0.6421,0.6376,0.6376,57586.5
1764036000000,2025-11-25 04:00:00,0.6376,0.6379,0.632,0.6361,108578.3
1764039600000,2025-11-25 05:00:00,0.6361,0.6367,0.6319,0.6332,24464.0
1764043200000,2025-11-25 06:00:00,0.6332,0.6371,0.6321,0.6358,41555.6
1764046800000,2025-11-25 07:00:00,0.6358,0.6372,0.6331,0.6351,59252.1
1764050400000,2025-11-25 08:00:00,0.6351,0.6351,0.6299,0.6319,82325.3
1764054000000,2025-11-25 09:00:00,0.6319,0.633,0.6259,0.6268,80924.1
1764057600000,2025-11-25 10:00:00,0.6268,0.6309,0.6239,0.6242,121777.0
1764061200000,2025-11-25 11:00:00,0.6242,0.6275,0.6214,0.6275,128796.6
1764064800000,2025-11-25 12:00:00,0.6275,0.6295,0.6247,0.6295,68821.4
1764068400000,2025-11-25 13:00:00,0.6295,0.6296,0.6273,0.628,92169.8
1764072000000,2025-11-25 14:00:00,0.628,0.6337,0.6277,0.631,91103.4
1764075600000,2025-11-25 15:00:00,0.631,0.6326,0.6252,0.627,82756.2
1764079200000,2025-11-25 16:00:00,0.627,0.6297,0.6157,0.6219,343507.0
1764082800000,2025-11-25 17:00:00,0.6219,0.6315,0.6174,0.6286,308242.5
1764086400000,2025-11-25 18:00:00,0.6286,0.6348,0.6265,0.6334,91214.3
1764090000000,2025-11-25 19:00:00,0.6334,0.6399,0.6314,0.6357,198857.1
1764093600000,2025-11-25 20:00:00,0.6357,0.6386,0.6323,0.6327,67248.6
1764097200000,2025-11-25 21:00:00,0.6327,0.6334,0.6233,0.6324,130361.8
1764100800000,2025-11-25 22:00:00,0.6324,0.6388,0.6311,0.6369,117334.6
1764104400000,2025-11-25 23:00:00,0.6369,0.6378,0.6347,0.635,74078.7
1764108000000,2025-11-26 00:00:00,0.635,0.6458,0.6287,0.6422,128577.2
1764111600000,2025-11-26 01:00:00,0.6422,0.6468,0.6393,0.6418,97364.8
1764115200000,2025-11-26 02:00:00,0.6418,0.6433,0.6387,0.6395,128431.4
1764118800000,2025-11-26 03:00:00,0.6395,0.6438,0.6366,0.6408,69959.5
1764122400000,2025-11-26 04:00:00,0.6408,0.6421,0.6385,0.639,27756.1
1764126000000,2025-11-26 05:00:00,0.639,0.6404,0.6339,0.6347,67816.5
1764129600000,2025-11-26 06:00:00,0.6347,0.6368,0.6305,0.6327,165306.9
1764133200000,2025-11-26 07:00:00,0.6327,0.6363,0.6322,0.6354,44136.5
1764136800000,2025-11-26 08:00:00,0.6354,0.6384,0.6342,0.6381,26556.0
1764140400000,2025-11-26 09:00:00,0.6381,0.6383,0.6347,0.6383,68232.2
1764144000000,2025-11-26 10:00:00,0.6383,0.6387,0.6326,0.6329,31395.7
1764147600000,2025-11-26 11:00:00,0.6329,0.6338,0.6254,0.6284,324700.3
1764151200000,2025-11-26 12:00:00,0.6284,0.63,0.6254,0.6288,93365.0
1764154800000,2025-11-26 13:00:00,0.6288,0.6288,0.6235,0.6246,135533.6
1764158400000,2025-11-26 14:00:00,0.6246,0.6256,0.6206,0.6231,141188.9
1764162000000,2025-11-26 15:00:00,0.6231,0.6289,0.6225,0.6288,102796.7
1764165600000,2025-11-26 16:00:00,0.6288,0.6327,0.6244,0.6254,249457.8
1764169200000,2025-11-26 17:00:00,0.6254,0.6272,0.6203,0.6235,277971.3
1764172800000,2025-11-26 18:00:00,0.6235,0.6318,0.6235,0.6314,175715.1
1764176400000,2025-11-26 19:00:00,0.6314,0.6505,0.6306,0.6483,249198.4
1764180000000,2025-11-26 20:00:00,0.6483,0.6596,0.6483,0.6563,600554.7
1764183600000,2025-11-26 21:00:00,0.6563,0.6574,0.6525,0.654,118801.3
1764187200000,2025-11-26 22:00:00,0.654,0.6556,0.6502,0.6538,116075.8
1764190800000,2025-11-26 23:00:00,0.6538,0.657,0.6509,0.654,69437.9
1764194400000,2025-11-27 00:00:00,0.654,0.6557,0.6529,0.6543,51146.4
1764198000000,2025-11-27 01:00:00,0.6543,0.6558,0.6528,0.6545,19266.8
1764201600000,2025-11-27 02:00:00,0.6545,0.6556,0.6517,0.6534,108131.4
1764205200000,2025-11-27 03:00:00,0.6534,0.6578,0.6529,0.6572,67487.2
1764208800000,2025-11-27 04:00:00,0.6572,0.6595,0.6543,0.6559,92277.4
1764212400000,2025-11-27 05:00:00,0.6559,0.6569,0.6518,0.6533,114850.9
1764216000000,2025-11-27 06:00:00,0.6533,0.6553,0.6524,0.6532,38998.3
1764219600000,2025-11-27 07:00:00,0.6532,0.6535,0.6482,0.6491,88384.7
1764223200000,2025-11-27 08:00:00,0.6491,0.6538,0.6488,0.6529,51802.7
1764226800000,2025-11-27 09:00:00,0.6529,0.6536,0.6513,0.6524,23445.2
1764230400000,2025-11-27 10:00:00,0.6524,0.6527,0.6501,0.6517,40333.0
1764234000000,2025-11-27 11:00:00,0.6517,0.6543,0.651,0.6518,37680.3
1764237600000,2025-11-27 12:00:00,0.6518,0.6525,0.6489,0.6518,43353.5
1764241200000,2025-11-27 13:00:00,0.6518,0.6521,0.6466,0.6487,107154.0
1764244800000,2025-11-27 14:00:00,0.6487,0.6491,0.6443,0.6451,132921.4
1764248400000,2025-11-27 15:00:00,0.6451,0.6465,0.6434,0.6454,176740.6
1764252000000,2025-11-27 16:00:00,0.6454,0.6481,0.6444,0.6468,155113.1
1764255600000,2025-11-27 17:00:00,0.6468,0.6506,0.6453,0.6506,64403.2
1764259200000,2025-11-27 18:00:00,0.6506,0.655,0.6491,0.6538,128415.3
1764262800000,2025-11-27 19:00:00,0.6538,0.6551,0.6528,0.6546,105654.2
1764266400000,2025-11-27 20:00:00,0.6546,0.6577,0.6532,0.6562,85009.7
1764270000000,2025-11-27 21:00:00,0.6562,0.6563,0.6548,0.655,41821.0
1764273600000,2025-11-27 22:00:00,0.655,0.657,0.6542,0.6562,65234.2
1764277200000,2025-11-27 23:00:00,0.6562,0.6565,0.6529,0.6531,45386.8
1764280800000,2025-11-28 00:00:00,0.6531,0.6531,0.6467,0.6484,143442.4
1764284400000,2025-11-28 01:00:00,0.6484,0.6491,0.6409,0.644,236059.5
1764288000000,2025-11-28 02:00:00,0.644,0.6457,0.6419,0.6423,146152.4
1764291600000,2025-11-28 03:00:00,0.6423,0.6425,0.6371,0.6375,197828.2
1764295200000,2025-11-28 04:00:00,0.6375,0.6407,0.6352,0.64,222360.5
1764298800000,2025-11-28 05:00:00,0.64,0.6418,0.6394,0.641,136734.7
1764302400000,2025-11-28 06:00:00,0.641,0.6427,0.6397,0.6411,92532.0
1764306000000,2025-11-28 07:00:00,0.6411,0.6441,0.6402,0.6439,134743.2
1764309600000,2025-11-28 08:00:00,0.6439,0.6439,0.6389,0.6402,88582.2
1764313200000,2025-11-28 09:00:00,0.6402,0.6432,0.6393,0.6399,97360.2
1764316800000,2025-11-28 10:00:00,0.6399,0.6519,0.6397,0.6508,458824.1
1764320400000,2025-11-28 11:00:00,0.6508,0.6533,0.6481,0.6513,344627.2
1764324000000,2025-11-28 12:00:00,0.6513,0.652,0.6493,0.6511,128941.2
1764327600000,2025-11-28 13:00:00,0.6511,0.6518,0.642,0.6456,434147.1
1764331200000,2025-11-28 14:00:00,0.6456,0.6473,0.6441,0.6448,112275.9
1764334800000,2025-11-28 15:00:00,0.6448,0.6542,0.643,0.6526,281393.9
1764338400000,2025-11-28 16:00:00,0.6526,0.6611,0.6515,0.6556,641723.9
1764342000000,2025-11-28 17:00:00,0.6556,0.6634,0.6555,0.6613,318412.9
1764345600000,2025-11-28 18:00:00,0.6613,0.6629,0.6461,0.6472,395856.1
1764349200000,2025-11-28 19:00:00,0.6472,0.6482,0.6407,0.6446,392922.7
1764352800000,2025-11-28 20:00:00,0.6446,0.648,0.6412,0.648,250449.5
1764356400000,2025-11-28 21:00:00,0.648,0.6501,0.6464,0.649,93995.9
1764360000000,2025-11-28 22:00:00,0.649,0.6513,0.6463,0.6501,66433.8
1764363600000,2025-11-28 23:00:00,0.6501,0.6511,0.6474,0.6474,42571.7
1764367200000,2025-11-29 00:00:00,0.6474,0.6498,0.6453,0.6498,85444.8
1764370800000,2025-11-29 01:00:00,0.6498,0.6507,0.6476,0.6476,15333.6
1764374400000,2025-11-29 02:00:00,0.6476,0.6478,0.6429,0.6459,140659.7
1764378000000,2025-11-29 03:00:00,0.6459,0.6493,0.6455,0.6473,98300.8
1764381600000,2025-11-29 04:00:00,0.6473,0.6478,0.6442,0.6459,97848.6
1764385200000,2025-11-29 05:00:00,0.6459,0.6471,0.6432,0.6433,50285.7
1764388800000,2025-11-29 06:00:00,0.6433,0.6463,0.642,0.6461,82469.2
1764392400000,2025-11-29 07:00:00,0.6461,0.6462,0.6434,0.6435,94198.6
1764396000000,2025-11-29 08:00:00,0.6435,0.6443,0.6361,0.6386,430530.7
1764399600000,2025-11-29 09:00:00,0.6386,0.6396,0.6366,0.6381,84418.7
1764403200000,2025-11-29 10:00:00,0.6381,0.6391,0.6364,0.6368,98978.3
1764406800000,2025-11-29 11:00:00,0.6368,0.6375,0.6355,0.6368,114371.5
1764410400000,2025-11-29 12:00:00,0.6368,0.6383,0.6334,0.6378,247515.8
1764414000000,2025-11-29 13:00:00,0.6378,0.6413,0.6373,0.6402,111155.1
1764417600000,2025-11-29 14:00:00,0.6402,0.6412,0.6377,0.6378,75506.0
1764421200000,2025-11-29 15:00:00,0.6378,0.6389,0.6362,0.6382,115933.7
1764424800000,2025-11-29 16:00:00,0.6382,0.6387,0.6364,0.6368,64436.0
1764428400000,2025-11-29 17:00:00,0.6368,0.6433,0.6367,0.6422,97023.6
1764432000000,2025-11-29 18:00:00,0.6422,0.6424,0.6366,0.6366,100246.3
1764435600000,2025-11-29 19:00:00,0.6366,0.6398,0.6322,0.6346,159122.7
1764439200000,2025-11-29 20:00:00,0.6346,0.6368,0.6316,0.6363,105070.9
1764442800000,2025-11-29 21:00:00,0.6363,0.6384,0.6357,0.6371,24239.4
1764446400000,2025-11-29 22:00:00,0.6371,0.6407,0.6349,0.6398,51455.5
1764450000000,2025-11-29 23:00:00,0.6398,0.6403,0.6385,0.6394,30587.1
1764453600000,2025-11-30 00:00:00,0.6394,0.6396,0.6365,0.6371,16315.4
1764457200000,2025-11-30 01:00:00,0.6371,0.6374,0.6347,0.6358,53004.7
1764460800000,2025-11-30 02:00:00,0.6358,0.6371,0.6349,0.6356,30474.8
1764464400000,2025-11-30 03:00:00,0.6356,0.6379,0.6351,0.6368,19948.1
1764468000000,2025-11-30 04:00:00,0.6368,0.6377,0.6345,0.6345,17731.9
1764471600000,2025-11-30 05:00:00,0.6345,0.6373,0.631,0.6371,66041.1
1764475200000,2025-11-30 06:00:00,0.6371,0.6379,0.6341,0.6355,31586.1
1764478800000,2025-11-30 07:00:00,0.6355,0.6355,0.6314,0.6322,23065.9
1764482400000,2025-11-30 08:00:00,0.6322,0.6366,0.6313,0.6343,119327.6
1764486000000,2025-11-30 09:00:00,0.6343,0.6373,0.634,0.6368,20584.8
1764489600000,2025-11-30 10:00:00,0.6368,0.6408,0.6346,0.6368,78598.0
1764493200000,2025-11-30 11:00:00,0.6368,0.6404,0.6364,0.6396,66151.3
1764496800000,2025-11-30 12:00:00,0.6396,0.6408,0.6378,0.6388,37964.5
1764500400000,2025-11-30 13:00:00,0.6388,0.6456,0.6371,0.6419,153778.3
1764504000000,2025-11-30 14:00:00,0.6419,0.6483,0.6403,0.6438,187193.1
1764507600000,2025-11-30 15:00:00,0.6438,0.6472,0.6437,0.6465,60237.8
1764511200000,2025-11-30 16:00:00,0.6465,0.6472,0.6416,0.643,68346.0
1764514800000,2025-11-30 17:00:00,0.643,0.6431,0.6376,0.6392,121168.8
1764518400000,2025-11-30 18:00:00,0.6392,0.6446,0.6391,0.6438,31726.4
1764522000000,2025-11-30 19:00:00,0.6438,0.6438,0.6404,0.6426,17660.0
1764525600000,2025-11-30 20:00:00,0.6426,0.6426,0.6404,0.6404,33972.4
1764529200000,2025-11-30 21:00:00,0.6404,0.6411,0.6392,0.6405,38504.6
1764532800000,2025-11-30 22:00:00,0.6405,0.6432,0.6392,0.6404,26150.9
1764536400000,2025-11-30 23:00:00,0.6404,0.6404,0.6373,0.6383,37825.3
1764540000000,2025-12-01 00:00:00,0.6383,0.6434,0.6379,0.6433,53040.2
1764543600000,2025-12-01 01:00:00,0.6433,0.6433,0.6317,0.6329,86376.3
1764547200000,2025-12-01 02:00:00,0.6329,0.6329,0.5951,0.5972,1070713.4
1764550800000,2025-12-01 03:00:00,0.5972,0.6077,0.5957,0.6,521900.5
1764554400000,2025-12-01 04:00:00,0.6,0.6034,0.5971,0.5981,177252.2
1764558000000,2025-12-01 05:00:00,0.5981,0.5986,0.5912,0.5923,255050.9
1764561600000,2025-12-01 06:00:00,0.5923,0.5923,0.585,0.5878,209315.5
1764565200000,2025-12-01 07:00:00,0.5878,0.5899,0.5855,0.5873,168806.2
1764568800000,2025-12-01 08:00:00,0.5873,0.5895,0.5867,0.588,107388.3
1764572400000,2025-12-01 09:00:00,0.588,0.5913,0.587,0.591,70187.3
1764576000000,2025-12-01 10:00:00,0.591,0.5963,0.5903,0.5952,135920.0
1764579600000,2025-12-01 11:00:00,0.5952,0.598,0.5939,0.5942,84040.7
1764583200000,2025-12-01 12:00:00,0.5942,0.5967,0.5938,0.5954,61974.8
1764586800000,2025-12-01 13:00:00,0.5954,0.5964,0.5948,0.5959,65418.7
1764590400000,2025-12-01 14:00:00,0.5959,0.6016,0.593,0.6011,514408.6
1764594000000,2025-12-01 15:00:00,0.6011,0.6046,0.5966,0.5982,221029.3
1764597600000,2025-12-01 16:00:00,0.5982,0.6092,0.5981,0.6024,263790.2
1764601200000,2025-12-01 17:00:00,0.6024,0.6031,0.572,0.5853,1745349.1
1764604800000,2025-12-01 18:00:00,0.5853,0.5888,0.5801,0.5833,425891.2
1764608400000,2025-12-01 19:00:00,0.5833,0.5869,0.5806,0.5832,412177.6
1764612000000,2025-12-01 20:00:00,0.5832,0.5909,0.5832,0.5902,227057.6
1764615600000,2025-12-01 21:00:00,0.5902,0.5905,0.586,0.5889,75698.0
1764619200000,2025-12-01 22:00:00,0.5889,0.5982,0.5889,0.5971,472303.6
1764622800000,2025-12-01 23:00:00,0.5971,0.6134,0.5971,0.6109,538392.3
1764626400000,2025-12-02 00:00:00,0.6109,0.614,0.6093,0.611,164095.8
1764630000000,2025-12-02 01:00:00,0.611,0.6146,0.6102,0.6104,50999.0
1764633600000,2025-12-02 02:00:00,0.6104,0.6136,0.6059,0.6069,162783.1
1764637200000,2025-12-02 03:00:00,0.6069,0.614,0.606,0.6068,143611.1
1764640800000,2025-12-02 04:00:00,0.6068,0.6101,0.6059,0.6063,110231.2
1764644400000,2025-12-02 05:00:00,0.6063,0.6077,0.6014,0.6058,143404.5
1764648000000,2025-12-02 06:00:00,0.6058,0.6082,0.6046,0.6047,64828.6
1764651600000,2025-12-02 07:00:00,0.6047,0.6055,0.6037,0.6042,42240.4
1764655200000,2025-12-02 08:00:00,0.6042,0.6098,0.6042,0.6081,151376.1
1764658800000,2025-12-02 09:00:00,0.6081,0.6116,0.6066,0.611,59550.9
1764662400000,2025-12-02 10:00:00,0.611,0.611,0.6049,0.6057,110573.7
1764666000000,2025-12-02 11:00:00,0.6057,0.6101,0.6055,0.6086,54852.8
1764669600000,2025-12-02 12:00:00,0.6086,0.6163,0.6082,0.6141,84662.7
1764673200000,2025-12-02 13:00:00,0.6141,0.6168,0.6125,0.6154,91481.1
1764676800000,2025-12-02 14:00:00,0.6154,0.618,0.6143,0.6158,86944.3
1764680400000,2025-12-02 15:00:00,0.6158,0.6211,0.6142,0.6196,118452.4
1764684000000,2025-12-02 16:00:00,0.6196,0.6337,0.6196,0.631,307001.1
1764687600000,2025-12-02 17:00:00,0.631,0.6542,0.631,0.6541,547659.5
1764691200000,2025-12-02 18:00:00,0.6541,0.6583,0.6505,0.6552,435525.1
1764694800000,2025-12-02 19:00:00,0.6552,0.6615,0.6547,0.6585,128447.9
1764698400000,2025-12-02 20:00:00,0.6585,0.6618,0.658,0.6604,173740.7
1764702000000,2025-12-02 21:00:00,0.6604,0.665,0.66,0.6608,93025.4
1764705600000,2025-12-02 22:00:00,0.6608,0.6608,0.6521,0.656,171803.5
1764709200000,2025-12-02 23:00:00,0.656,0.659,0.6552,0.659,105497.4
1764712800000,2025-12-03 00:00:00,0.659,0.6619,0.6586,0.6615,77978.1
1764716400000,2025-12-03 01:00:00,0.6615,0.6631,0.6575,0.6582,108656.7
1764720000000,2025-12-03 02:00:00,0.6582,0.6613,0.6555,0.6592,115558.9
1764723600000,2025-12-03 03:00:00,0.6592,0.6632,0.6588,0.6622,92089.7
1764727200000,2025-12-03 04:00:00,0.6622,0.6693,0.662,0.6663,202574.5
1764730800000,2025-12-03 05:00:00,0.6663,0.6684,0.6655,0.6661,38016.8
1764734400000,2025-12-03 06:00:00,0.6661,0.672,0.6659,0.6712,100453.9
1764738000000,2025-12-03 07:00:00,0.6712,0.6755,0.6712,0.6725,117305.1
1764741600000,2025-12-03 08:00:00,0.6725,0.6769,0.6702,0.6727,150547.5
1764745200000,2025-12-03 09:00:00,0.6727,0.6727,0.6694,0.6708,58934.8
1764748800000,2025-12-03 10:00:00,0.6708,0.6723,0.6672,0.6687,104122.7
1764752400000,2025-12-03 11:00:00,0.6687,0.6699,0.6652,0.6696,100849.5
1764756000000,2025-12-03 12:00:00,0.6696,0.6703,0.6652,0.6654,110160.4
1764759600000,2025-12-03 13:00:00,0.6654,0.6684,0.6641,0.6678,77667.1
1764763200000,2025-12-03 14:00:00,0.6678,0.6685,0.6659,0.6679,53767.2
1764766800000,2025-12-03 15:00:00,0.6679,0.675,0.6679,0.6732,102652.5
1764770400000,2025-12-03 16:00:00,0.6732,0.6845,0.6607,0.6723,739359.4
1764774000000,2025-12-03 17:00:00,0.6723,0.6794,0.6709,0.676,184651.3
1764777600000,2025-12-03 18:00:00,0.676,0.6798,0.6718,0.6762,80717.5
1764781200000,2025-12-03 19:00:00,0.6762,0.682,0.6761,0.681,136736.5
1764784800000,2025-12-03 20:00:00,0.681,0.6853,0.6776,0.6787,81574.2
1764788400000,2025-12-03 21:00:00,0.6787,0.6816,0.6784,0.6806,50241.7
1764792000000,2025-12-03 22:00:00,0.6806,0.6847,0.6793,0.6824,210495.5
1764795600000,2025-12-03 23:00:00,0.6824,0.6883,0.6811,0.6875,137986.8
1764799200000,2025-12-04 00:00:00,0.6875,0.6912,0.6853,0.689,174407.1
1764802800000,2025-12-04 01:00:00,0.689,0.6921,0.6856,0.6858,81778.7
1764806400000,2025-12-04 02:00:00,0.6858,0.6868,0.682,0.6838,124159.8
1764810000000,2025-12-04 03:00:00,0.6838,0.6914,0.6838,0.6851,114699.9
1764813600000,2025-12-04 04:00:00,0.6851,0.6908,0.6851,0.6879,91900.6
1764817200000,2025-12-04 05:00:00,0.6879,0.6892,0.6844,0.6845,78655.1
1764820800000,2025-12-04 06:00:00,0.6845,0.6859,0.6818,0.6832,27901.1
1764824400000,2025-12-04 07:00:00,0.6832,0.6838,0.6805,0.682,46723.8
1764828000000,2025-12-04 08:00:00,0.682,0.6854,0.6813,0.6841,39492.1
1764831600000,2025-12-04 09:00:00,0.6841,0.6841,0.6798,0.6829,47199.2
1764835200000,2025-12-04 10:00:00,0.6829,0.6843,0.6807,0.6813,43647.5
1764838800000,2025-12-04 11:00:00,0.6813,0.6856,0.6813,0.6845,33985.1
1764842400000,2025-12-04 12:00:00,0.6845,0.6854,0.6817,0.6821,25920.7
1764846000000,2025-12-04 13:00:00,0.6821,0.6834,0.6801,0.6817,35159.1
1764849600000,2025-12-04 14:00:00,0.6817,0.6826,0.6776,0.6802,65558.0
1764853200000,2025-12-04 15:00:00,0.6802,0.6809,0.6743,0.6756,213684.9
1764856800000,2025-12-04 16:00:00,0.6756,0.6789,0.6713,0.6725,186583.2
1764860400000,2025-12-04 17:00:00,0.6725,0.6878,0.6723,0.6839,173340.8
1764864000000,2025-12-04 18:00:00,0.6839,0.6868,0.6759,0.6781,231501.4
1764867600000,2025-12-04 19:00:00,0.6781,0.6787,0.6727,0.6763,120284.5
1764871200000,2025-12-04 20:00:00,0.6763,0.6779,0.6719,0.6734,111179.3
1764874800000,2025-12-04 21:00:00,0.6734,0.6734,0.6603,0.6717,407664.0
1764878400000,2025-12-04 22:00:00,0.6717,0.6766,0.6696,0.675,88888.4
1764882000000,2025-12-04 23:00:00,0.675,0.6761,0.6681,0.6705,133792.3
1764885600000,2025-12-05 00:00:00,0.6705,0.6731,0.6702,0.6715,47008.4
1764889200000,2025-12-05 01:00:00,0.6715,0.6722,0.6695,0.6699,18215.8
1764892800000,2025-12-05 02:00:00,0.6699,0.6745,0.6693,0.6727,73566.4
1764896400000,2025-12-05 03:00:00,0.6727,0.6753,0.671,0.671,49926.3
1764900000000,2025-12-05 04:00:00,0.671,0.6748,0.6708,0.6727,37915.2
1764903600000,2025-12-05 05:00:00,0.6727,0.6738,0.6693,0.6699,46377.8
1764907200000,2025-12-05 06:00:00,0.6699,0.6715,0.6632,0.6663,133591.1
1764910800000,2025-12-05 07:00:00,0.6663,0.6679,0.6643,0.6652,44783.0
1764914400000,2025-12-05 08:00:00,0.6652,0.6692,0.6652,0.6692,57418.4
1764918000000,2025-12-05 09:00:00,0.6692,0.6728,0.6684,0.6713,34119.5
1764921600000,2025-12-05 10:00:00,0.6713,0.6713,0.6657,0.6671,54678.1
1764925200000,2025-12-05 11:00:00,0.6671,0.6671,0.6558,0.6572,257013.5
1764928800000,2025-12-05 12:00:00,0.6572,0.6615,0.6556,0.6596,135599.4
1764932400000,2025-12-05 13:00:00,0.6596,0.6611,0.6556,0.6593,102534.3
1764936000000,2025-12-05 14:00:00,0.6593,0.6608,0.6578,0.6596,153126.8
1764939600000,2025-12-05 15:00:00,0.6596,0.6639,0.653,0.6556,190411.7
1764943200000,2025-12-05 16:00:00,0.6556,0.6582,0.653,0.6546,117162.2
1764946800000,2025-12-05 17:00:00,0.6546,0.6679,0.6546,0.658,295316.4
1764950400000,2025-12-05 18:00:00,0.658,0.6582,0.6388,0.645,585207.6
1764954000000,2025-12-05 19:00:00,0.645,0.6479,0.6416,0.6457,175711.9
1764957600000,2025-12-05 20:00:00,0.6457,0.6524,0.6426,0.6427,349271.7
1764961200000,2025-12-05 21:00:00,0.6427,0.6524,0.6401,0.6508,157339.6
1764964800000,2025-12-05 22:00:00,0.6508,0.6531,0.6481,0.6491,72404.7
1764968400000,2025-12-05 23:00:00,0.6491,0.6512,0.6473,0.6486,84282.2
1764972000000,2025-12-06 00:00:00,0.6486,0.6504,0.647,0.6495,52036.2
1764975600000,2025-12-06 01:00:00,0.6495,0.6496,0.6464,0.649,37408.3
1764979200000,2025-12-06 02:00:00,0.649,0.6518,0.6462,0.6506,97920.1
1764982800000,2025-12-06 03:00:00,0.6506,0.6529,0.6492,0.6505,86549.0
1764986400000,2025-12-06 04:00:00,0.6505,0.6506,0.6485,0.6489,43101.6
1764990000000,2025-12-06 05:00:00,0.6489,0.6544,0.6489,0.6536,41750.5
1764993600000,2025-12-06 06:00:00,0.6536,0.6545,0.6503,0.6506,38458.9
1764997200000,2025-12-06 07:00:00,0.6506,0.652,0.6502,0.6513,52336.7
1765000800000,2025-12-06 08:00:00,0.6513,0.6536,0.6504,0.6522,146603.2
1765004400000,2025-12-06 09:00:00,0.6522,0.6534,0.6495,0.6522,43968.7
1765008000000,2025-12-06 10:00:00,0.6522,0.653,0.6483,0.6484,76339.7
1765011600000,2025-12-06 11:00:00,0.6484,0.6539,0.6484,0.6534,54635.1
1765015200000,2025-12-06 12:00:00,0.6534,0.6542,0.6504,0.6507,79104.9
1765018800000,2025-12-06 13:00:00,0.6507,0.6533,0.65,0.6528,44954.2
1765022400000,2025-12-06 14:00:00,0.6528,0.6598,0.6528,0.6571,98738.8
1765026000000,2025-12-06 15:00:00,0.6571,0.6611,0.6571,0.6585,96773.3
1765029600000,2025-12-06 16:00:00,0.6585,0.6649,0.6578,0.6618,241829.3
1765033200000,2025-12-06 17:00:00,0.6618,0.6622,0.6562,0.658,169844.1
1765036800000,2025-12-06 18:00:00,0.658,0.662,0.6577,0.6608,58038.2
1765040400000,2025-12-06 19:00:00,0.6608,0.6637,0.6591,0.6609,130410.5
1765044000000,2025-12-06 20:00:00,0.6609,0.6626,0.6596,0.6603,73518.2
1765047600000,2025-12-06 21:00:00,0.6603,0.6611,0.6537,0.6555,167474.7
1765051200000,2025-12-06 22:00:00,0.6555,0.657,0.6542,0.657,25786.3
1765054800000,2025-12-06 23:00:00,0.657,0.6619,0.6566,0.6588,99759.3
1765058400000,2025-12-07 00:00:00,0.6588,0.6597,0.6552,0.6564,43706.9
1765062000000,2025-12-07 01:00:00,0.6564,0.6573,0.6533,0.657,49648.1
1765065600000,2025-12-07 02:00:00,0.657,0.6625,0.657,0.6622,92816.3
1765069200000,2025-12-07 03:00:00,0.6622,0.6622,0.6586,0.6586,27940.6
1765072800000,2025-12-07 04:00:00,0.6586,0.6796,0.6579,0.6717,470877.2
1765076400000,2025-12-07 05:00:00,0.6717,0.6744,0.6657,0.666,112910.0
1765080000000,2025-12-07 06:00:00,0.666,0.6673,0.6622,0.6631,38304.6
1765083600000,2025-12-07 07:00:00,0.6631,0.6642,0.6609,0.6629,59663.3
1765087200000,2025-12-07 08:00:00,0.6629,0.6646,0.6611,0.6639,54466.5
1765090800000,2025-12-07 09:00:00,0.6639,0.6642,0.6587,0.6592,61007.4
1765094400000,2025-12-07 10:00:00,0.6592,0.6614,0.6564,0.6573,69501.4
1765098000000,2025-12-07 11:00:00,0.6573,0.6583,0.6504,0.6524,184766.6
1765101600000,2025-12-07 12:00:00,0.6524,0.6557,0.6519,0.6531,60788.0
1765105200000,2025-12-07 13:00:00,0.6531,0.6546,0.6513,0.6521,58591.3
1765108800000,2025-12-07 14:00:00,0.6521,0.6578,0.6499,0.656,192702.9
1765112400000,2025-12-07 15:00:00,0.656,0.6564,0.6493,0.6512,118038.2
1765116000000,2025-12-07 16:00:00,0.6512,0.6524,0.6345,0.64,866863.9
1765119600000,2025-12-07 17:00:00,0.64,0.6555,0.6385,0.6539,533296.8
1765123200000,2025-12-07 18:00:00,0.6539,0.6542,0.6493,0.6542,201388.2
1765126800000,2025-12-07 19:00:00,0.6542,0.6815,0.6525,0.6746,1165094.1
1765130400000,2025-12-07 20:00:00,0.6746,0.684,0.6746,0.6824,285482.4
1765134000000,2025-12-07 21:00:00,0.6824,0.6868,0.6805,0.6854,204922.2
1765137600000,2025-12-07 22:00:00,0.6854,0.6909,0.684,0.6893,244031.0
1765141200000,2025-12-07 23:00:00,0.6893,0.6911,0.6687,0.673,582754.1
1765144800000,2025-12-08 00:00:00,0.673,0.673,0.6539,0.6592,550854.3
1765148400000,2025-12-08 01:00:00,0.6592,0.6637,0.6564,0.6632,133195.0
1765152000000,2025-12-08 02:00:00,0.6632,0.6663,0.6606,0.6627,84146.8
1765155600000,2025-12-08 03:00:00,0.6627,0.6752,0.6625,0.6673,129275.4
1765159200000,2025-12-08 04:00:00,0.6673,0.6732,0.6666,0.6722,74173.7
1765162800000,2025-12-08 05:00:00,0.6722,0.6727,0.6687,0.6696,39597.6
1765166400000,2025-12-08 06:00:00,0.6696,0.6766,0.6695,0.673,56720.1
1765170000000,2025-12-08 07:00:00,0.673,0.6744,0.6697,0.6731,58115.5
1765173600000,2025-12-08 08:00:00,0.6731,0.6769,0.6725,0.6748,55019.4
1765177200000,2025-12-08 09:00:00,0.6748,0.6783,0.6729,0.675,44504.3
1765180800000,2025-12-08 10:00:00,0.675,0.6776,0.6741,0.6774,46154.1
1765184400000,2025-12-08 11:00:00,0.6774,0.684,0.677,0.6805,145620.2
1765188000000,2025-12-08 12:00:00,0.6805,0.6844,0.6805,0.6834,137361.6
1765191600000,2025-12-08 13:00:00,0.6834,0.6848,0.6786,0.6805,61443.1
1765195200000,2025-12-08 14:00:00,0.6805,0.6868,0.6796,0.6862,98180.6
1765198800000,2025-12-08 15:00:00,0.6862,0.69,0.6822,0.6834,151377.2
1765202400000,2025-12-08 16:00:00,0.6834,0.6875,0.6767,0.6777,321059.8
1765206000000,2025-12-08 17:00:00,0.6777,0.68,0.6682,0.6724,360650.5
1765209600000,2025-12-08 18:00:00,0.6724,0.6772,0.6683,0.671,399091.8
1765213200000,2025-12-08 19:00:00,0.671,0.674,0.6678,0.6723,156298.3
1765216800000,2025-12-08 20:00:00,0.6723,0.6752,0.6653,0.6677,119354.4
1765220400000,2025-12-08 21:00:00,0.6677,0.6734,0.6677,0.6696,78598.4
1765224000000,2025-12-08 22:00:00,0.6696,0.677,0.6695,0.6751,121829.1
1765227600000,2025-12-08 23:00:00,0.6751,0.6812,0.6745,0.6811,149131.8
1765231200000,2025-12-09 00:00:00,0.6811,0.6814,0.6755,0.6777,49926.4
1765234800000,2025-12-09 01:00:00,0.6777,0.6793,0.6744,0.6766,47734.6
1765238400000,2025-12-09 02:00:00,0.6766,0.6793,0.6742,0.6758,57991.6
1765242000000,2025-12-09 03:00:00,0.6758,0.677,0.6694,0.6711,109787.0
1765245600000,2025-12-09 04:00:00,0.6711,0.6738,0.6694,0.6694,46077.1
1765249200000,2025-12-09 05:00:00,0.6694,0.6751,0.6673,0.6747,156321.9
1765252800000,2025-12-09 06:00:00,0.6747,0.6749,0.6678,0.6682,141867.4
1765256400000,2025-12-09 07:00:00,0.6682,0.6716,0.6659,0.6686,100666.7
1765260000000,2025-12-09 08:00:00,0.6686,0.6709,0.6652,0.6695,105150.6
1765263600000,2025-12-09 09:00:00,0.6695,0.6744,0.6691,0.6733,103621.5
1765267200000,2025-12-09 10:00:00,0.6733,0.6745,0.6707,0.6718,96215.0
1765270800000,2025-12-09 11:00:00,0.6718,0.6718,0.6667,0.6671,44127.2
1765274400000,2025-12-09 12:00:00,0.6671,0.6695,0.6641,0.6675,133009.0
1765278000000,2025-12-09 13:00:00,0.6675,0.6697,0.6659,0.6696,36886.2
1765281600000,2025-12-09 14:00:00,0.6696,0.6767,0.669,0.6753,176515.4
1765285200000,2025-12-09 15:00:00,0.6753,0.6781,0.6698,0.672,85227.4
1765288800000,2025-12-09 16:00:00,0.672,0.6747,0.6692,0.6737,166640.4
1765292400000,2025-12-09 17:00:00,0.6737,0.7036,0.6735,0.7019,573411.3
1765296000000,2025-12-09 18:00:00,0.7019,0.7199,0.7019,0.7178,943252.8
1765299600000,2025-12-09 19:00:00,0.7178,0.7191,0.7102,0.7137,418982.3
1765303200000,2025-12-09 20:00:00,0.7137,0.7155,0.7096,0.712,114004.8
1765306800000,2025-12-09 21:00:00,0.712,0.7136,0.708,0.7096,52354.7
1765310400000,2025-12-09 22:00:00,0.7096,0.7102,0.698,0.7009,229304.5
1765314000000,2025-12-09 23:00:00,0.7009,0.7024,0.6921,0.6967,116191.6
1765317600000,2025-12-10 00:00:00,0.6967,0.7021,0.6965,0.6993,93812.9
1765321200000,2025-12-10 01:00:00,0.6993,0.7012,0.6972,0.6977,39087.5
1765324800000,2025-12-10 02:00:00,0.6977,0.6994,0.6931,0.6941,105850.5
1765328400000,2025-12-10 03:00:00,0.6941,0.6955,0.6911,0.6939,43754.5
1765332000000,2025-12-10 04:00:00,0.6939,0.696,0.6916,0.6955,53168.0
1765335600000,2025-12-10 05:00:00,0.6955,0.6961,0.6921,0.6943,32336.9
1765339200000,2025-12-10 06:00:00,0.6943,0.6956,0.6925,0.6939,40363.2
1765342800000,2025-12-10 07:00:00,0.6939,0.6975,0.6931,0.697,97953.5
1765346400000,2025-12-10 08:00:00,0.697,0.6972,0.6942,0.696,50291.8
1765350000000,2025-12-10 09:00:00,0.696,0.6965,0.6936,0.6964,36056.4
1765353600000,2025-12-10 10:00:00,0.6964,0.6975,0.6918,0.6932,119622.7
1765357200000,2025-12-10 11:00:00,0.6932,0.6986,0.6922,0.6982,56377.2
1765360800000,2025-12-10 12:00:00,0.6982,0.7025,0.6923,0.6933,94903.4
1765364400000,2025-12-10 13:00:00,0.6933,0.6953,0.6905,0.6938,77796.3
1765368000000,2025-12-10 14:00:00,0.6938,0.6938,0.6884,0.691,136574.8
1765371600000,2025-12-10 15:00:00,0.691,0.6952,0.69,0.6939,105088.9
1765375200000,2025-12-10 16:00:00,0.6939,0.6939,0.6876,0.6901,67902.3
1765378800000,2025-12-10 17:00:00,0.6901,0.6933,0.6856,0.6883,79719.8
1765382400000,2025-12-10 18:00:00,0.6883,0.6943,0.6877,0.6916,60268.7
1765386000000,2025-12-10 19:00:00,0.6916,0.6966,0.6907,0.6933,58064.0
1765389600000,2025-12-10 20:00:00,0.6933,0.7047,0.6914,0.6973,128310.6
1765393200000,2025-12-10 21:00:00,0.6973,0.7068,0.6912,0.7037,524811.0
1765396800000,2025-12-10 22:00:00,0.7037,0.7243,0.7009,0.704,1032075.3
1765400400000,2025-12-10 23:00:00,0.704,0.7061,0.6945,0.6957,135682.7
1765404000000,2025-12-11 00:00:00,0.6957,0.6986,0.6891,0.6974,187766.6
1765407600000,2025-12-11 01:00:00,0.6974,0.6975,0.6898,0.6906,77706.9
1765411200000,2025-12-11 02:00:00,0.6906,0.6913,0.6755,0.6771,417629.1
1765414800000,2025-12-11 03:00:00,0.6771,0.6771,0.6694,0.6699,259871.7
1765418400000,2025-12-11 04:00:00,0.6699,0.6699,0.6627,0.6638,219967.7
1765422000000,2025-12-11 05:00:00,0.6638,0.6638,0.6562,0.6583,262945.5
1765425600000,2025-12-11 06:00:00,0.6583,0.6647,0.6565,0.6633,172687.3
1765429200000,2025-12-11 07:00:00,0.6633,0.6646,0.6613,0.6639,39604.7
1765432800000,2025-12-11 08:00:00,0.6639,0.6649,0.6603,0.6625,53230.2
1765436400000,2025-12-11 09:00:00,0.6625,0.6625,0.6601,0.6615,55862.0
1765440000000,2025-12-11 10:00:00,0.6615,0.6618,0.6582,0.66,56204.8
1765443600000,2025-12-11 11:00:00,0.66,0.6627,0.6591,0.6597,50938.7
1765447200000,2025-12-11 12:00:00,0.6597,0.6607,0.658,0.6603,30754.2
1765450800000,2025-12-11 13:00:00,0.6603,0.6617,0.659,0.6605,42347.5
1765454400000,2025-12-11 14:00:00,0.6605,0.6626,0.6585,0.6611,45588.4
1765458000000,2025-12-11 15:00:00,0.6611,0.6626,0.6586,0.6601,73482.4
1765461600000,2025-12-11 16:00:00,0.6601,0.6614,0.6523,0.6556,205779.7
1765465200000,2025-12-11 17:00:00,0.6556,0.6625,0.653,0.6566,165750.6
1765468800000,2025-12-11 18:00:00,0.6566,0.6608,0.6512,0.657,678640.9
1765472400000,2025-12-11 19:00:00,0.657,0.6646,0.6562,0.6594,407663.9
1765476000000,2025-12-11 20:00:00,0.6594,0.6724,0.6587,0.6661,334278.2
1765479600000,2025-12-11 21:00:00,0.6661,0.6716,0.6648,0.6662,244563.1
1765483200000,2025-12-11 22:00:00,0.6662,0.6746,0.6659,0.6736,158564.4
1765486800000,2025-12-11 23:00:00,0.6736,0.6824,0.6732,0.6776,336217.5
1765490400000,2025-12-12 00:00:00,0.6776,0.6798,0.6714,0.6738,99364.4
1765494000000,2025-12-12 01:00:00,0.6738,0.6746,0.6701,0.6724,46377.2
1765497600000,2025-12-12 02:00:00,0.6724,0.6757,0.6638,0.6647,179688.8
1765501200000,2025-12-12 03:00:00,0.6647,0.6721,0.6645,0.6704,170477.8
1765504800000,2025-12-12 04:00:00,0.6704,0.6758,0.6684,0.6754,158197.8
1765508400000,2025-12-12 05:00:00,0.6754,0.6763,0.6717,0.6739,33496.2
1765512000000,2025-12-12 06:00:00,0.6739,0.6741,0.671,0.6722,32355.2
1765515600000,2025-12-12 07:00:00,0.6722,0.674,0.6684,0.6725,43590.4
1765519200000,2025-12-12 08:00:00,0.6725,0.6755,0.6722,0.673,54139.7
1765522800000,2025-12-12 09:00:00,0.673,0.6737,0.6706,0.6709,41096.3
1765526400000,2025-12-12 10:00:00,0.6709,0.6725,0.6677,0.6692,70277.3
1765530000000,2025-12-12 11:00:00,0.6692,0.6738,0.6685,0.6733,64837.4
1765533600000,2025-12-12 12:00:00,0.6733,0.6749,0.6723,0.6732,24173.9
1765537200000,2025-12-12 13:00:00,0.6732,0.6732,0.6702,0.6717,27627.5
1765540800000,2025-12-12 14:00:00,0.6717,0.6731,0.6701,0.673,30183.9
1765544400000,2025-12-12 15:00:00,0.673,0.6745,0.6714,0.672,83761.2
1765548000000,2025-12-12 16:00:00,0.672,0.672,0.6615,0.6656,280085.5
1765551600000,2025-12-12 17:00:00,0.6656,0.6656,0.6369,0.6412,587536.1
1765555200000,2025-12-12 18:00:00,0.6412,0.643,0.6327,0.6375,707932.0
1765558800000,2025-12-12 19:00:00,0.6375,0.6461,0.6362,0.6385,370470.0
1765562400000,2025-12-12 20:00:00,0.6385,0.6457,0.6385,0.6423,216496.4
1765566000000,2025-12-12 21:00:00,0.6423,0.6426,0.6381,0.6399,108640.4
1765569600000,2025-12-12 22:00:00,0.6399,0.6422,0.639,0.6411,123174.2
1765573200000,2025-12-12 23:00:00,0.6411,0.6433,0.6406,0.6412,29024.3
1765576800000,2025-12-13 00:00:00,0.6412,0.6451,0.641,0.6433,91413.9
1765580400000,2025-12-13 01:00:00,0.6433,0.6446,0.6433,0.6435,12825.4
1765584000000,2025-12-13 02:00:00,0.6435,0.6459,0.6433,0.6442,43882.6
1765587600000,2025-12-13 03:00:00,0.6442,0.6456,0.6432,0.644,19977.6
1765591200000,2025-12-13 04:00:00,0.644,0.6462,0.644,0.6455,20361.5
1765594800000,2025-12-13 05:00:00,0.6455,0.6479,0.6449,0.6465,28259.4
1765598400000,2025-12-13 06:00:00,0.6465,0.6488,0.6465,0.6486,17268.6
1765602000000,2025-12-13 07:00:00,0.6486,0.6489,0.6453,0.6464,12092.6
1765605600000,2025-12-13 08:00:00,0.6464,0.6473,0.6455,0.6467,25339.5
1765609200000,2025-12-13 09:00:00,0.6467,0.6482,0.644,0.6448,42487.9
1765612800000,2025-12-13 10:00:00,0.6448,0.6495,0.6448,0.648,40675.4
1765616400000,2025-12-13 11:00:00,0.648,0.6488,0.6459,0.6466,23450.7
1765620000000,2025-12-13 12:00:00,0.6466,0.6513,0.6459,0.6487,91199.3
1765623600000,2025-12-13 13:00:00,0.6487,0.6487,0.6451,0.6463,155701.1
1765627200000,2025-12-13 14:00:00,0.6463,0.6493,0.6462,0.6485,53266.6
1765630800000,2025-12-13 15:00:00,0.6485,0.649,0.6463,0.6468,17345.6
1765634400000,2025-12-13 16:00:00,0.6468,0.6483,0.6453,0.6475,23045.2
1765638000000,2025-12-13 17:00:00,0.6475,0.6523,0.6475,0.6504,40512.9
1765641600000,2025-12-13 18:00:00,0.6504,0.6519,0.6484,0.6486,40686.2
1765645200000,2025-12-13 19:00:00,0.6486,0.6487,0.6448,0.6464,44158.4
1765648800000,2025-12-13 20:00:00,0.6464,0.6474,0.646,0.6467,14356.8
1765652400000,2025-12-13 21:00:00,0.6467,0.6478,0.6463,0.6471,26137.7
1765656000000,2025-12-13 22:00:00,0.6471,0.6488,0.6469,0.6475,22768.9
1765659600000,2025-12-13 23:00:00,0.6475,0.6506,0.6446,0.6498,47655.0
1765663200000,2025-12-14 00:00:00,0.6498,0.6499,0.6461,0.649,29947.6
1765666800000,2025-12-14 01:00:00,0.649,0.6501,0.6478,0.6499,14598.4
1765670400000,2025-12-14 02:00:00,0.6499,0.6521,0.6485,0.6513,83422.3
1765674000000,2025-12-14 03:00:00,0.6513,0.6544,0.6512,0.6521,93438.8
1765677600000,2025-12-14 04:00:00,0.6521,0.6555,0.6514,0.6545,52786.6
1765681200000,2025-12-14 05:00:00,0.6545,0.655,0.6528,0.6536,31738.3
1765684800000,2025-12-14 06:00:00,0.6536,0.6542,0.6498,0.65,113454.0
1765688400000,2025-12-14 07:00:00,0.65,0.65,0.6457,0.6475,99731.7
1765692000000,2025-12-14 08:00:00,0.6475,0.6475,0.6431,0.6454,32813.9
1765695600000,2025-12-14 09:00:00,0.6454,0.6478,0.6454,0.6476,25992.4
1765699200000,2025-12-14 10:00:00,0.6476,0.6481,0.6456,0.6456,23098.6
1765702800000,2025-12-14 11:00:00,0.6456,0.6466,0.6451,0.6459,14653.0
1765706400000,2025-12-14 12:00:00,0.6459,0.6467,0.6425,0.6446,67577.9
1765710000000,2025-12-14 13:00:00,0.6446,0.6446,0.636,0.6411,139789.0
1765713600000,2025-12-14 14:00:00,0.6411,0.6448,0.6393,0.6428,55730.6
1765717200000,2025-12-14 15:00:00,0.6428,0.6431,0.6405,0.6431,33698.7
1765720800000,2025-12-14 16:00:00,0.6431,0.6442,0.6367,0.638,101433.1
1765724400000,2025-12-14 17:00:00,0.638,0.6388,0.6365,0.6381,50909.8
1765728000000,2025-12-14 18:00:00,0.6381,0.642,0.6371,0.6398,75784.6
1765731600000,2025-12-14 19:00:00,0.6398,0.6403,0.6324,0.633,166684.5
1765735200000,2025-12-14 20:00:00,0.633,0.6368,0.6309,0.6355,110144.4
1765738800000,2025-12-14 21:00:00,0.6355,0.6355,0.6317,0.6335,38592.8
1765742400000,2025-12-14 22:00:00,0.6335,0.6369,0.631,0.6331,120421.1
1765746000000,2025-12-14 23:00:00,0.6331,0.6347,0.6312,0.632,90102.5
1765749600000,2025-12-15 00:00:00,0.632,0.6349,0.6286,0.633,136256.4
1765753200000,2025-12-15 01:00:00,0.633,0.6351,0.6228,0.6317,169129.6
1765756800000,2025-12-15 02:00:00,0.6317,0.6364,0.6313,0.6359,91532.4
1765760400000,2025-12-15 03:00:00,0.6359,0.6449,0.6351,0.6437,96629.7
1765764000000,2025-12-15 04:00:00,0.6437,0.6524,0.6437,0.6442,179537.8
1765767600000,2025-12-15 05:00:00,0.6442,0.6467,0.6436,0.6449,42496.2
1765771200000,2025-12-15 06:00:00,0.6449,0.6474,0.6424,0.6458,59477.2
1765774800000,2025-12-15 07:00:00,0.6458,0.6481,0.6444,0.6477,32305.3
1765778400000,2025-12-15 08:00:00,0.6477,0.6491,0.6458,0.6466,60272.1
1765782000000,2025-12-15 09:00:00,0.6466,0.6476,0.6426,0.6442,38820.4
1765785600000,2025-12-15 10:00:00,0.6442,0.6469,0.6434,0.6449,13696.4
1765789200000,2025-12-15 11:00:00,0.6449,0.6477,0.6442,0.6465,32312.0
1765792800000,2025-12-15 12:00:00,0.6465,0.6486,0.6448,0.6456,18098.7
1765796400000,2025-12-15 13:00:00,0.6456,0.6458,0.6413,0.6436,30782.2
1765800000000,2025-12-15 14:00:00,0.6436,0.6466,0.6425,0.6453,177977.5
1765803600000,2025-12-15 15:00:00,0.6453,0.6453,0.6393,0.6403,42482.8
1765807200000,2025-12-15 16:00:00,0.6403,0.6454,0.6274,0.632,249431.4
1765810800000,2025-12-15 17:00:00,0.632,0.6325,0.6154,0.6201,690131.9
1765814400000,2025-12-15 18:00:00,0.6201,0.6223,0.6104,0.613,273266.6
1765818000000,2025-12-15 19:00:00,0.613,0.6133,0.6037,0.6046,394710.0
1765821600000,2025-12-15 20:00:00,0.6046,0.6065,0.5961,0.6059,352849.0
1765825200000,2025-12-15 21:00:00,0.6059,0.6107,0.6052,0.6067,111089.1
1765828800000,2025-12-15 22:00:00,0.6067,0.6068,0.6004,0.6007,144757.7
1765832400000,2025-12-15 23:00:00,0.6007,0.6046,0.5997,0.6035,63516.8
1765836000000,2025-12-16 00:00:00,0.6035,0.6036,0.5972,0.5987,76585.4
1765839600000,2025-12-16 01:00:00,0.5987,0.5994,0.595,0.5991,216509.0
1765843200000,2025-12-16 02:00:00,0.5991,0.5996,0.5927,0.5934,127336.9
1765846800000,2025-12-16 03:00:00,0.5934,0.5977,0.593,0.5965,90527.2
1765850400000,2025-12-16 04:00:00,0.5965,0.6001,0.5938,0.5968,117108.9
1765854000000,2025-12-16 05:00:00,0.5968,0.5976,0.5932,0.5969,55126.4
1765857600000,2025-12-16 06:00:00,0.5969,0.5982,0.5887,0.596,95774.5
1765861200000,2025-12-16 07:00:00,0.596,0.5987,0.595,0.5965,56781.7
1765864800000,2025-12-16 08:00:00,0.5965,0.6012,0.596,0.6009,60140.6
1765868400000,2025-12-16 09:00:00,0.6009,0.6014,0.5938,0.5957,80608.0
1765872000000,2025-12-16 10:00:00,0.5957,0.6025,0.5953,0.6012,268135.3
1765875600000,2025-12-16 11:00:00,0.6012,0.6061,0.6009,0.602,256669.8
1765879200000,2025-12-16 12:00:00,0.602,0.6119,0.6012,0.6077,204344.7
1765882800000,2025-12-16 13:00:00,0.6077,0.6128,0.607,0.6126,111932.3
1765886400000,2025-12-16 14:00:00,0.6126,0.614,0.6101,0.6116,165706.5
1765890000000,2025-12-16 15:00:00,0.6116,0.6171,0.606,0.607,738005.0
1765893600000,2025-12-16 16:00:00,0.607,0.6173,0.6028,0.6137,354894.2
1765897200000,2025-12-16 17:00:00,0.6137,0.6224,0.6109,0.6202,296322.2
1765900800000,2025-12-16 18:00:00,0.6202,0.6212,0.614,0.6148,199581.8
1765904400000,2025-12-16 19:00:00,0.6148,0.6172,0.6089,0.6096,314052.6
1765908000000,2025-12-16 20:00:00,0.6096,0.6164,0.609,0.6138,156398.3
1765911600000,2025-12-16 21:00:00,0.6138,0.6156,0.61,0.6133,246463.2
1765915200000,2025-12-16 22:00:00,0.6133,0.6142,0.6111,0.612,47345.6
1765918800000,2025-12-16 23:00:00,0.612,0.6135,0.6101,0.6131,35342.1
